7,1,24,19,0
8,2,14,18,0
9,1,19,16,0
10,2,16,14,1
11,2,14,15,0
12,2,11,15,0
13,2,19,12,0
14,2,18,14,0
15,2,16,15,0
16,2,14,17,0
17,2,15,19,0
18,2,15,17,0
19,2,12,17,0
20,2,14,15,0
21,2,15,17,0
22,2,17,14,0
23,2,19,12,1
24,2,17,20,0
25,2,17,17,0
26,2,15,16,0
27,2,17,17,0
28,2,14,15,0
29,2,12,18,0
30,2,20,24,0
31,2,17,21,0
32,2,16,15,0
33,2,17,16,0
34,2,15,18,0
35,2,18,21,0
36,2,24,22,1
37,2,21,25,0
38,2,15,22,0
39,2,16,28,0
40,2,18,24,1
41,2,21,32,1
42,2,22,22,0
43,2,25,26,1
44,2,22,29,0
45,2,28,30,0
46,2,24,28,0
47,2,32,25,0
48,2,22,35,0
49,2,26,32,0
50,2,29,22,0
51,2,30,31,0
52,2,28,28,0
53,2,25,26,0
54,2,35,28,1
55,2,32,37,1
56,2,22,33,0
57,2,31,31,0
58,2,28,33,1
59,2,26,30,0
60,2,28,29,0
61,2,37,27,1
62,2,33,25,0
63,2,31,21,0
64,2,33,25,0
65,2,30,29,1
66,2,29,20,0
67,2,27,21,1
68,2,25,21,1
69,2,21,22,1
70,2,25,29,0
71,2,29,24,1
72,2,20,30,0
73,2,21,28,1
74,2,21,29,1
75,1,22,26,0
76,1,29,34,1
77,1,24,27,1
78,1,30,37,1
79,1,28,42,0
80,1,29,45,1
81,1,26,35,1
82,1,34,38,1
83,1,27,43,1
84,1,37,40,1
85,1,42,39,1
86,1,45,50,1
87,1,35,42,1
88,1,38,47,1
89,1,43,38,1
90,1,40,55,1
91,1,39,39,1
92,1,50,48,1
93,2,42,52,1
94,1,47,51,1
95,1,38,54,0
96,1,55,54,1
97,1,39,52,1
98,1,48,61,1
99,1,52,38,1
100,1,51,40,1
101,1,54,36,1
102,1,54,36,1
103,1,52,39,1
104,1,61,49,1
105,1,38,41,1
106,2,40,43,1
107,1,36,36,1
108,2,36,34,1
109,1,39,51,1
110,1,49,45,1
111,1,41,62,1
112,1,43,45,1
113,1,36,36,1
114,1,34,43,1
115,1,51,49,1
116,1,45,57,1
117,1,62,58,1
118,1,45,53,1
119,1,36,58,1
120,1,43,57,1
121,1,49,54,1
122,1,57,56,1
123,1,58,59,1
124,1,53,50,1
125,1,58,57,1
126,1,57,64,1
127,1,54,68,1
128,1,56,53,1
129,1,59,69,1
130,1,50,61,1
131,1,57,58,1
132,1,64,51,1
133,1,68,58,1
134,1,53,56,1
135,1,69,58,1
136,1,61,47,1
137,1,58,56,1
138,1,51,60,1
139,1,58,56,1
140,1,56,56,1
141,1,58,56,1
142,1,47,57,1
143,1,56,68,1
144,1,60,71,1
145,1,56,65,1
146,1,56,61,1
147,1,56,60,1
148,2,57,62,1
149,2,68,71,1
150,1,71,74,1
151,1,65,62,1
152,1,61,63,1
153,1,60,64,1
154,1,62,45,1
155,1,71,69,1
156,1,74,62,1
157,1,62,58,1
158,1,63,68,1
159,1,64,57,1
160,1,45,63,1
161,1,69,64,1
162,1,62,56,1
163,1,58,61,1
164,1,68,52,1
165,1,57,56,1
166,1,63,62,1
167,1,64,67,1
168,1,56,80,1
169,1,61,76,1
170,1,52,69,1
171,1,56,61,1
172,1,62,58,1
173,1,67,58,1
174,1,80,71,1
175,1,76,72,1
176,1,69,77,1
177,1,61,92,1
178,1,58,86,1
179,1,58,82,1
180,1,71,85,1
181,1,72,74,1
182,1,77,96,1
183,1,92,95,1
184,1,86,82,1
185,1,82,87,1
186,1,85,77,1
187,1,74,80,1
188,1,96,76,1
189,1,95,79,1
190,1,82,82,1
191,1,87,76,1
192,1,77,74,1
193,1,80,82,1
194,1,76,77,1
195,1,79,76,1
196,1,82,86,1
197,1,76,84,1
198,1,74,88,1
199,1,82,93,1
200,1,77,81,1
201,1,76,83,1
202,1,86,89,1
203,1,84,90,1
204,1,88,89,1
205,1,93,95,1
206,1,81,92,1
207,1,83,89,1
208,1,89,95,1
209,1,90,94,1
210,1,89,91,1
211,1,95,95,1
212,1,92,95,1
213,1,89,83,1
214,1,95,101,1
215,1,94,110,1
216,1,91,106,1
217,1,95,118,1
218,1,95,119,1
219,1,83,120,1
220,1,101,128,1
221,1,110,140,1
222,1,106,132,1
223,1,118,132,1
224,1,119,135,1
225,1,120,136,1
226,1,128,143,1
227,1,140,148,1
228,1,132,162,1
229,1,132,160,1
230,1,135,178,1
231,1,136,178,1
232,1,143,210,1
233,1,148,211,1
234,1,162,220,1
235,1,160,251,1
236,1,178,266,1
237,1,178,238,1
238,1,210,239,1
239,1,211,253,1
240,1,220,250,1
241,1,251,257,1
242,1,266,286,1
243,1,238,300,1
244,1,239,253,1
245,1,253,275,1
246,1,250,281,1
247,1,257,341,1
248,1,286,318,1
249,1,300,338,1
250,1,253,340,1
251,1,275,367,1
252,1,281,354,1
253,1,341,333,1
254,1,318,340,1
255,1,338,344,1
256,1,340,354,1
257,1,367,343,1
258,1,354,362,1
259,1,333,374,1
260,1,340,354,1
261,1,344,364,1
262,1,354,387,1
263,1,343,390,1
264,1,362,413,1
265,1,374,401,1
266,1,354,382,1
267,1,364,407,1
268,1,387,385,1
269,1,390,422,1
270,1,413,411,1
271,1,401,383,1
272,1,382,399,1
273,1,407,387,1
274,1,385,418,1
275,1,422,391,1
276,1,411,420,1
277,1,383,428,1
278,1,399,444,1
279,1,387,440,1
280,1,418,477,1
281,1,391,459,1
282,1,420,480,1
283,1,428,488,1
284,1,444,515,1
285,1,440,503,1
286,1,477,493,1
287,1,459,505,1
288,1,480,515,1
289,1,488,534,1
290,1,515,544,1
291,1,503,581,1
292,1,493,598,1
293,1,505,642,1
294,1,515,663,1
295,1,534,593,1
296,1,544,517,1
297,1,581,512,1
298,1,598,524,1
299,1,642,529,1
300,1,663,566,1
301,1,593,547,1
302,1,517,533,1
303,1,512,564,1
304,1,524,561,1
305,1,529,554,1
306,1,566,601,1
307,1,547,606,1
308,1,533,602,1
309,1,564,625,1
310,1,561,639,1
311,1,554,683,1
312,1,601,695,1
313,1,606,652,1
314,1,602,640,1
315,1,625,630,1
316,1,639,652,1
317,2,683,658,1
318,2,695,674,1
319,2,652,700,1
320,1,640,717,1
321,1,630,730,1
322,1,652,736,1
323,1,658,737,1
324,1,674,713,1
325,1,700,725,1
326,1,717,742,1
327,1,730,762,1
328,1,736,768,1
329,1,737,752,1
330,1,713,746,1
331,1,725,771,1
332,1,742,757,1
333,1,762,766,1
334,1,768,792,1
335,1,752,815,1
336,1,746,774,1
337,2,771,798,1
338,1,757,787,1
339,1,766,822,1
340,1,792,838,1
341,1,815,853,1
342,1,774,852,1
343,1,798,876,1
344,1,787,864,1
345,1,822,835,1
346,1,838,857,1
347,1,853,858,1
348,1,852,868,1
349,1,876,836,1
350,1,864,880,1
351,2,835,915,1
352,1,857,890,1
353,1,858,886,1
354,1,868,943,1
355,1,836,921,1
356,1,880,925,1
357,1,915,931,1
358,1,890,929,1
359,1,886,887,1
360,1,943,922,1
