1,1,54,27,96,69,1.0,1,1.0
2,1,54,28,96,69,1.0,2,1.0
3,1,56,28,96,70,1.0,2,1.0
4,1,52,31,97,71,1.0,2,1.0
5,1,52,31,98,71,1.0,1,1.0
6,1,54,31,98,71,1.0,2,1.0
7,1,53,30,98,71,1.0,1,1.0
8,1,54,29,97,72,1.0,2,1.0
9,1,55,28,99,73,1.0,1,1.0
9,2,196,1,28,81,1.0,1,1.0
10,1,55,31,99,73,1.0,2,1.0
11,1,54,32,102,73,1.0,2,1.0
12,1,57,31,102,74,1.0,2,1.0
13,1,61,31,101,74,1.0,1,1.0
14,1,61,32,102,73,1.0,1,1.0
15,1,60,32,103,74,1.0,1,1.0
16,1,60,31,104,74,1.0,1,1.0
17,1,62,30,103,76,1.0,2,1.0
17,3,123,67,94,36,1.0,1,1.0
18,1,61,31,104,76,1.0,2,1.0
19,1,64,32,104,76,1.0,2,1.0
20,1,59,32,105,77,1.0,2,1.0
20,4,12,60,45,60,1.0,1,1.0
21,1,60,33,105,77,1.0,2,1.0
21,4,11,60,48,63,1.0,2,1.0
22,1,60,34,106,77,1.0,2,1.0
22,4,11,59,49,67,1.0,2,1.0
23,1,62,35,107,77,1.0,2,1.0
23,4,13,60,51,68,1.0,2,1.0
24,1,62,34,107,78,1.0,2,1.0
24,4,13,58,52,70,1.0,2,1.0
25,1,63,34,108,79,1.0,1,1.0
25,4,13,57,54,74,1.0,2,1.0
26,1,62,34,109,79,1.0,1,1.0
26,4,12,56,56,77,1.0,2,1.0
27,1,65,37,110,79,1.0,2,1.0
27,4,15,58,57,81,1.0,2,1.0
28,1,65,37,110,79,1.0,2,1.0
28,4,14,59,60,81,1.0,2,1.0
29,1,66,36,110,79,1.0,1,1.0
29,4,15,58,61,83,1.0,2,1.0
30,1,64,34,114,80,1.0,1,1.0
30,4,16,55,64,87,1.0,2,1.0
31,1,66,37,113,80,1.0,2,1.0
31,4,16,58,66,88,1.0,2,1.0
32,1,66,37,114,80,1.0,1,1.0
32,4,15,58,68,89,1.0,1,1.0
33,1,68,38,114,81,1.0,1,1.0
33,4,16,61,69,88,1.0,2,1.0
34,1,70,38,114,81,1.0,1,1.0
34,4,17,65,71,85,1.0,2,1.0
35,1,68,37,113,82,1.0,2,1.0
35,4,14,65,73,86,1.0,2,1.0
36,1,65,41,115,83,1.0,1,1.0
36,4,11,71,76,86,1.0,1,1.0
37,1,65,41,116,83,1.0,1,1.0
37,4,10,69,80,89,1.0,2,1.0
38,1,66,45,114,83,1.0,1,1.0
38,4,10,65,80,98,1.0,2,1.0
39,1,67,45,114,84,1.0,1,1.0
39,4,8,68,85,98,1.0,2,1.0
40,1,71,43,116,85,1.0,1,1.0
40,4,13,68,86,97,1.0,1,1.0
41,1,71,43,117,86,1.0,1,1.0
41,4,15,72,87,97,1.0,2,1.0
42,1,68,42,117,85,1.0,1,1.0
42,4,11,67,88,101,1.0,2,1.0
43,1,72,40,118,86,1.0,1,1.0
43,4,14,65,92,105,1.0,2,1.0
44,1,73,41,119,87,1.0,1,1.0
44,4,14,66,95,104,1.0,1,1.0
44,5,64,1,32,14,1.0,1,1.0
45,1,68,43,119,86,1.0,1,1.0
45,4,10,69,98,107,1.0,2,1.0
46,1,68,43,120,87,1.0,1,1.0
46,4,10,70,102,107,1.0,1,1.0
47,1,66,45,123,88,1.0,1,1.0
47,4,7,73,105,108,1.0,2,1.0
48,1,68,49,121,87,1.0,1,1.0
48,4,5,77,111,113,1.0,2,1.0
49,1,69,43,120,88,1.0,1,1.0
49,4,5,72,113,115,1.0,2,1.0
49,6,127,1,81,27,1.0,1,1.0
50,1,71,49,122,89,1.0,1,1.0
50,4,8,80,117,114,1.0,2,1.0
51,1,70,43,123,89,1.0,1,1.0
51,4,6,75,119,117,1.0,2,1.0
52,1,71,48,122,88,1.0,1,1.0
52,4,6,80,122,117,1.0,2,1.0
53,1,71,49,121,89,1.0,1,1.0
53,4,5,82,125,119,1.0,2,1.0
54,1,73,50,122,89,1.0,1,1.0
54,4,7,84,127,121,1.0,2,1.0
55,1,75,51,122,90,1.0,1,1.0
55,4,7,85,133,123,1.0,2,1.0
56,1,75,51,124,91,1.0,1,1.0
56,4,7,86,137,126,1.0,2,1.0
56,7,54,107,38,34,1.0,1,1.0
57,1,78,50,123,92,1.0,1,1.0
57,4,11,87,139,126,1.0,2,1.0
57,7,55,107,37,36,1.0,2,1.0
58,1,78,53,125,91,1.0,1,1.0
58,4,13,90,140,128,1.0,2,1.0
58,7,60,110,35,36,1.0,2,1.0
59,1,71,52,137,92,1.0,1,1.0
59,4,16,90,143,132,1.0,2,1.0
60,1,81,48,130,94,1.0,1,1.0
60,4,21,89,144,132,1.0,2,1.0
61,1,80,51,132,94,1.0,1,1.0
61,4,24,92,145,133,1.0,2,1.0
62,1,79,52,136,94,1.0,1,1.0
62,4,26,93,150,137,1.0,2,1.0
63,1,79,54,138,92,1.0,1,1.0
63,4,29,97,151,138,1.0,2,1.0
64,1,80,52,137,91,1.0,1,1.0
64,4,32,96,153,142,1.0,2,1.0
65,1,84,53,137,89,1.0,1,1.0
65,4,38,99,154,142,1.0,2,1.0
66,1,86,55,136,90,1.0,1,1.0
66,4,39,102,156,145,1.0,2,1.0
67,1,82,57,140,91,1.0,1,1.0
67,4,41,103,158,148,1.0,2,1.0
68,1,79,60,142,92,1.0,1,1.0
68,4,41,109,160,148,1.0,2,1.0
68,8,94,132,38,42,1.0,1,1.0
69,1,83,62,140,90,1.0,1,1.0
69,4,45,110,160,150,1.0,2,1.0
70,1,84,62,139,90,1.0,1,1.0
70,4,46,112,163,153,1.0,2,1.0
70,9,99,135,40,42,1.0,1,1.0
71,1,81,63,142,91,1.0,1,1.0
71,4,46,114,166,154,1.0,2,1.0
71,9,103,138,38,43,1.0,2,1.0
72,1,84,63,141,92,1.0,1,1.0
72,4,50,114,168,159,1.0,2,1.0
72,9,107,139,41,43,1.0,1,1.0
73,1,83,65,145,92,1.0,1,1.0
73,4,55,119,170,159,1.0,2,1.0
73,9,112,141,41,45,1.0,2,1.0
74,1,84,65,144,91,1.0,1,1.0
74,4,56,119,172,160,1.0,2,1.0
74,9,117,139,49,44,1.0,1,1.0
75,1,85,65,146,94,1.0,1,1.0
75,4,59,119,174,164,1.0,2,1.0
76,1,85,63,148,92,1.0,1,1.0
76,4,62,120,175,165,1.0,2,1.0
76,10,125,145,40,43,1.0,1,1.0
77,1,84,64,151,93,1.0,1,1.0
77,4,64,122,180,167,1.0,2,1.0
78,1,85,67,151,91,1.0,1,1.0
78,4,67,125,184,171,1.0,2,1.0
79,1,89,69,150,91,1.0,1,1.0
79,4,72,127,188,175,1.0,2,1.0
80,1,88,70,152,90,1.0,1,1.0
80,4,73,130,193,177,1.0,2,1.0
80,11,145,160,41,40,1.0,1,1.0
81,1,96,69,147,90,1.0,1,1.0
81,4,78,130,198,181,1.0,2,1.0
81,11,153,164,39,37,1.0,2,1.0
82,1,103,72,145,90,1.0,1,1.0
82,4,84,136,203,182,1.0,2,1.0
82,11,158,167,40,38,1.0,2,1.0
83,1,106,77,146,89,1.0,1,1.0
83,4,90,141,207,187,1.0,2,1.0
83,12,166,168,45,49,1.0,1,1.0
84,1,107,78,148,88,1.0,1,1.0
84,4,93,143,214,192,1.0,2,1.0
85,1,105,79,147,88,1.0,1,1.0
85,4,93,146,213,195,1.0,2,1.0
85,13,173,176,47,48,1.0,1,1.0
86,1,106,80,148,89,1.0,1,1.0
86,4,97,148,215,202,1.0,2,1.0
86,13,181,181,45,46,1.0,2,1.0
87,1,104,79,148,88,1.0,1,1.0
87,4,96,148,219,205,1.0,2,1.0
87,13,180,183,48,47,1.0,2,1.0
88,1,107,77,147,88,1.0,1,1.0
88,4,100,147,220,209,1.0,2,1.0
88,13,189,184,49,45,1.0,1,1.0
89,1,111,77,149,89,1.0,1,1.0
89,4,107,149,217,210,1.0,2,1.0
90,1,111,82,150,88,1.0,1,1.0
90,4,109,154,216,210,1.0,2,1.0
91,1,107,80,149,87,1.0,1,1.0
91,4,108,153,212,209,1.0,2,1.0
92,1,106,81,151,87,1.0,1,1.0
92,4,109,155,212,208,1.0,2,1.0
93,1,108,82,151,87,1.0,1,1.0
93,4,116,158,210,209,1.0,2,1.0
94,1,109,82,152,88,1.0,1,1.0
94,4,121,160,207,205,1.0,2,1.0
95,1,111,81,152,89,1.0,1,1.0
95,4,126,161,204,204,1.0,2,1.0
96,1,109,83,154,89,1.0,1,1.0
96,4,129,164,200,201,1.0,2,1.0
97,1,108,85,155,91,1.0,1,1.0
97,4,131,167,198,201,1.0,2,1.0
98,1,108,85,156,92,1.0,1,1.0
98,4,135,168,195,201,1.0,2,1.0
99,1,110,86,154,94,1.0,1,1.0
99,4,141,171,192,199,1.0,2,1.0
100,1,109,87,158,96,1.0,1,1.0
100,4,146,173,189,200,1.0,2,1.0
100,14,273,227,58,73,1.0,1,1.0
101,1,113,86,154,97,1.0,1,1.0
101,4,151,172,186,200,1.0,2,1.0
102,1,112,88,158,101,1.0,1,1.0
102,4,155,176,182,199,1.0,2,1.0
103,1,113,93,158,102,1.0,1,1.0
103,4,159,182,179,197,1.0,2,1.0
104,1,113,92,159,106,1.0,1,1.0
104,4,164,180,173,199,1.0,2,1.0
105,1,115,91,159,110,1.0,1,1.0
105,4,168,180,173,199,1.0,2,1.0
106,1,118,91,159,113,1.0,1,1.0
106,4,176,181,169,198,1.0,2,1.0
106,15,139,20,24,13,1.0,1,1.0
107,1,121,94,160,115,1.0,1,1.0
107,4,184,186,166,198,1.0,2,1.0
107,15,142,23,24,13,1.0,2,1.0
108,1,124,93,160,117,1.0,1,1.0
108,4,193,187,159,195,1.0,2,1.0
108,15,145,21,23,13,1.0,1,1.0
109,1,122,95,162,117,1.0,1,1.0
109,4,198,190,153,194,1.0,2,1.0
109,15,144,22,24,14,1.0,2,1.0
110,1,124,97,161,116,1.0,1,1.0
110,4,201,192,151,196,1.0,2,1.0
110,15,144,24,24,13,1.0,2,1.0
111,1,122,100,163,117,1.0,1,1.0
111,4,205,196,147,200,1.0,2,1.0
112,1,121,99,162,117,1.0,1,1.0
112,4,208,196,144,203,1.0,2,1.0
112,16,141,25,24,13,1.0,1,1.0
113,1,121,99,162,119,1.0,1,1.0
113,4,214,199,139,203,1.0,2,1.0
113,16,140,24,24,14,1.0,1,1.0
114,1,121,99,164,119,1.0,1,1.0
114,4,221,199,133,204,1.0,2,1.0
114,16,141,23,24,14,1.0,1,1.0
115,1,122,100,163,119,1.0,1,1.0
115,4,228,201,127,202,1.0,2,1.0
115,16,142,23,23,14,1.0,1,1.0
116,1,122,100,166,119,1.0,1,1.0
116,4,234,205,121,199,1.0,2,1.0
117,1,127,98,165,119,1.0,1,1.0
117,4,242,201,118,200,1.0,2,1.0
117,17,146,20,24,13,1.0,1,1.0
118,1,127,100,164,120,1.0,1,1.0
118,4,248,206,111,195,1.0,2,1.0
119,1,128,101,165,120,1.0,1,1.0
119,4,255,208,106,192,1.0,2,1.0
120,1,128,101,165,120,1.0,1,1.0
120,4,261,209,100,190,1.0,2,1.0
121,1,128,101,166,121,1.0,1,1.0
121,4,268,213,94,179,1.0,2,1.0
122,1,128,103,166,121,1.0,1,1.0
122,4,274,217,88,176,1.0,2,1.0
123,1,128,102,167,121,1.0,1,1.0
123,4,281,219,81,173,1.0,2,1.0
124,1,129,102,167,121,1.0,1,1.0
124,4,289,221,74,167,1.0,2,1.0
125,1,130,101,167,122,1.0,1,1.0
125,4,296,225,68,156,1.0,2,1.0
126,1,131,102,168,122,1.0,1,1.0
126,4,305,232,61,142,1.0,2,1.0
126,18,148,20,25,14,1.0,1,1.0
127,1,131,102,168,122,1.0,1,1.0
127,4,313,237,53,118,1.0,2,1.0
128,1,132,102,168,123,1.0,1,1.0
129,1,130,103,168,123,1.0,1,1.0
129,19,147,21,24,13,1.0,1,1.0
130,1,130,103,168,122,1.0,1,1.0
130,20,339,264,23,69,1.0,1,1.0
131,1,131,103,169,123,1.0,1,1.0
131,21,147,21,25,13,1.0,1,1.0
132,1,130,103,169,123,1.0,1,1.0
132,21,146,19,25,14,1.0,1,1.0
133,1,130,102,168,123,1.0,1,1.0
133,21,145,19,26,13,1.0,1,1.0
134,1,127,102,170,124,1.0,1,1.0
134,21,144,18,25,14,1.0,2,1.0
135,1,129,103,169,124,1.0,1,1.0
135,21,145,19,25,14,1.0,2,1.0
136,1,129,105,169,124,1.0,1,1.0
136,21,144,21,25,13,1.0,2,1.0
137,1,129,106,169,123,1.0,1,1.0
137,21,144,21,25,13,1.0,1,1.0
138,1,129,105,169,124,1.0,1,1.0
138,21,144,20,25,14,1.0,2,1.0
139,1,130,107,169,123,1.0,1,1.0
139,21,145,21,25,14,1.0,2,1.0
140,1,130,108,170,124,1.0,1,1.0
140,21,145,22,25,14,1.0,2,1.0
141,1,129,108,170,124,1.0,1,1.0
141,21,144,23,25,13,1.0,1,1.0
142,1,130,108,170,124,1.0,1,1.0
142,21,145,23,25,13,1.0,1,1.0
143,1,130,109,170,124,1.0,1,1.0
143,21,145,24,25,13,1.0,2,1.0
144,1,130,109,170,124,1.0,1,1.0
145,1,130,109,170,123,1.0,1,1.0
146,1,131,109,169,125,1.0,1,1.0
146,22,146,23,25,14,1.0,1,1.0
147,1,131,109,170,124,1.0,1,1.0
147,22,146,23,25,14,1.0,1,1.0
148,1,131,110,169,124,1.0,1,1.0
148,22,145,24,26,13,1.0,1,1.0
149,1,131,110,169,125,1.0,1,1.0
150,1,131,111,169,124,1.0,1,1.0
