119,1,61,104,163,149,1.0,1,1.0
119,2,122,123,51,48,1.0,1,1.0
120,1,60,103,161,150,1.0,1,1.0
120,2,120,123,53,46,1.0,1,1.0
121,1,61,103,164,150,1.0,1,1.0
121,2,117,121,52,49,1.0,1,1.0
122,1,61,104,164,151,1.0,1,1.0
122,2,121,123,45,45,1.0,1,1.0
123,1,60,105,165,151,1.0,1,1.0
123,2,118,123,54,46,1.0,1,1.0
124,1,60,106,166,151,1.0,1,1.0
124,2,119,125,54,48,1.0,1,1.0
125,1,60,107,166,151,1.0,1,1.0
125,2,120,126,51,46,1.0,1,1.0
126,1,60,110,167,152,1.0,1,1.0
126,2,121,130,52,46,1.0,1,1.0
127,1,61,109,167,153,1.0,1,1.0
127,2,120,128,53,46,1.0,1,1.0
128,1,62,110,167,153,1.0,1,1.0
128,2,124,129,45,46,1.0,1,1.0
129,1,63,109,167,153,1.0,1,1.0
129,2,123,130,46,46,1.0,1,1.0
130,1,64,110,167,154,1.0,1,1.0
130,2,124,129,50,47,1.0,1,1.0
131,1,64,111,168,153,1.0,1,1.0
131,2,124,131,44,46,1.0,1,1.0
132,1,62,113,168,154,1.0,1,1.0
132,2,123,132,43,47,1.0,1,1.0
133,1,60,113,170,155,1.0,1,1.0
133,2,122,133,46,47,1.0,1,1.0
134,1,60,114,170,155,1.0,1,1.0
134,2,120,132,44,47,1.0,1,1.0
135,1,61,113,169,156,1.0,1,1.0
135,2,121,133,44,44,1.0,1,1.0
136,1,59,113,171,156,1.0,1,1.0
136,2,119,133,49,46,1.0,1,1.0
137,1,59,113,170,156,1.0,1,1.0
137,2,118,132,49,47,1.0,1,1.0
138,1,60,114,172,157,1.0,1,1.0
138,2,120,133,45,46,1.0,1,1.0
139,1,63,114,171,157,1.0,1,1.0
139,2,123,133,44,47,1.0,1,1.0
140,1,63,114,172,158,1.0,1,1.0
140,2,124,135,53,45,1.0,1,1.0
141,1,65,114,172,158,1.0,1,1.0
141,2,127,134,47,47,1.0,1,1.0
142,1,65,116,172,158,1.0,1,1.0
142,2,127,137,51,45,1.0,1,1.0
143,1,65,115,173,159,1.0,1,1.0
143,2,126,136,46,46,1.0,1,1.0
144,1,64,116,173,159,1.0,1,1.0
144,2,125,137,49,46,1.0,1,1.0
145,1,66,116,172,160,1.0,1,1.0
145,2,127,138,44,45,1.0,1,1.0
146,1,66,116,173,159,1.0,1,1.0
146,2,127,138,48,45,1.0,1,1.0
147,1,67,116,173,160,1.0,1,1.0
147,2,128,136,52,48,1.0,1,1.0
148,1,66,117,174,160,1.0,1,1.0
148,2,128,137,52,48,1.0,1,1.0
149,1,66,117,175,161,1.0,1,1.0
149,2,129,138,46,47,1.0,1,1.0
150,1,65,117,176,162,1.0,1,1.0
150,2,129,138,48,47,1.0,1,1.0
151,1,67,118,175,162,1.0,1,1.0
151,2,129,138,46,48,1.0,1,1.0
152,1,67,119,176,162,1.0,1,1.0
152,2,131,140,46,47,1.0,1,1.0
153,1,67,119,177,162,1.0,1,1.0
153,2,130,140,46,47,1.0,1,1.0
154,1,66,119,177,163,1.0,1,1.0
154,2,130,139,46,49,1.0,1,1.0
155,1,66,119,177,162,1.0,1,1.0
155,2,129,138,46,49,1.0,1,1.0
156,1,68,118,178,164,1.0,1,1.0
156,2,131,139,46,49,1.0,1,1.0
157,1,70,120,177,164,1.0,1,1.0
157,2,134,142,45,47,1.0,1,1.0
158,1,71,122,178,163,1.0,1,1.0
158,2,134,141,54,50,1.0,1,1.0
159,1,73,122,178,164,1.0,1,1.0
159,2,134,141,59,51,1.0,1,1.0
160,1,78,124,178,165,1.0,1,1.0
160,2,140,143,58,50,1.0,1,1.0
161,1,79,126,179,165,1.0,1,1.0
161,2,140,144,57,51,1.0,1,1.0
162,1,80,126,179,165,1.0,1,1.0
162,2,141,145,59,50,1.0,1,1.0
163,1,77,127,181,166,1.0,1,1.0
163,2,142,146,57,51,1.0,1,1.0
164,1,75,126,182,168,1.0,1,1.0
164,2,140,149,51,48,1.0,1,1.0
165,1,76,129,181,167,1.0,1,1.0
165,2,140,150,48,49,1.0,1,1.0
166,1,74,126,181,167,1.0,1,1.0
166,2,139,146,48,49,1.0,1,1.0
167,1,75,127,181,167,1.0,1,1.0
167,2,139,148,50,50,1.0,1,1.0
168,1,75,128,182,168,1.0,1,1.0
168,2,140,148,48,50,1.0,1,1.0
169,1,76,128,182,168,1.0,1,1.0
169,2,140,148,50,50,1.0,1,1.0
170,1,76,130,183,169,1.0,1,1.0
170,2,144,151,44,47,1.0,1,1.0
171,1,78,131,183,170,1.0,1,1.0
171,2,144,151,47,49,1.0,1,1.0
172,1,79,131,184,169,1.0,1,1.0
172,2,143,151,50,50,1.0,1,1.0
173,1,78,131,185,170,1.0,1,1.0
173,2,143,153,52,50,1.0,1,1.0
174,1,77,132,185,170,1.0,1,1.0
174,2,142,153,53,50,1.0,1,1.0
175,1,78,131,184,170,1.0,1,1.0
175,2,142,150,55,52,1.0,1,1.0
176,1,79,132,185,170,1.0,1,1.0
176,2,145,152,52,50,1.0,1,1.0
177,1,80,133,186,172,1.0,1,1.0
177,2,145,153,56,51,1.0,1,1.0
178,1,81,133,186,172,1.0,1,1.0
178,2,145,154,59,51,1.0,1,1.0
179,1,79,132,186,172,1.0,1,1.0
179,2,144,153,50,50,1.0,1,1.0
180,1,81,132,186,173,1.0,1,1.0
180,2,144,152,53,52,1.0,1,1.0
181,1,80,131,186,173,1.0,1,1.0
181,2,145,153,49,51,1.0,1,1.0
182,1,78,132,187,173,1.0,1,1.0
182,2,143,153,52,52,1.0,1,1.0
183,1,78,134,186,173,1.0,1,1.0
183,2,142,154,51,51,1.0,1,1.0
184,1,77,136,187,174,1.0,1,1.0
184,2,142,155,51,54,1.0,1,1.0
185,1,77,137,188,174,1.0,1,1.0
185,2,143,158,49,53,1.0,1,1.0
186,1,77,138,189,174,1.0,1,1.0
186,2,143,159,50,53,1.0,1,1.0
187,1,78,138,189,175,1.0,1,1.0
187,2,144,160,51,53,1.0,1,1.0
188,1,79,139,189,175,1.0,1,1.0
188,2,145,159,56,54,1.0,1,1.0
189,1,80,139,189,175,1.0,1,1.0
189,2,146,159,53,54,1.0,1,1.0
190,1,81,139,189,176,1.0,1,1.0
190,2,148,161,52,52,1.0,1,1.0
191,1,81,139,190,177,1.0,1,1.0
191,2,147,161,58,53,1.0,1,1.0
192,1,82,139,190,177,1.0,1,1.0
192,2,148,160,59,54,1.0,1,1.0
193,1,82,139,190,177,1.0,1,1.0
193,2,147,159,59,55,1.0,1,1.0
194,1,82,139,191,177,1.0,1,1.0
194,2,149,161,53,53,1.0,1,1.0
195,1,82,140,191,178,1.0,1,1.0
195,2,149,162,51,53,1.0,1,1.0
196,1,80,140,193,179,1.0,1,1.0
196,2,146,162,63,53,1.0,1,1.0
197,1,80,140,193,179,1.0,1,1.0
197,2,147,163,59,52,1.0,1,1.0
198,1,81,141,193,179,1.0,1,1.0
198,2,147,162,66,53,1.0,1,1.0
199,1,84,140,192,180,1.0,1,1.0
199,2,147,162,63,54,1.0,1,1.0
200,1,84,141,192,179,1.0,1,1.0
200,2,151,164,52,51,1.0,1,1.0
201,1,86,143,193,180,1.0,1,1.0
201,2,153,165,51,52,1.0,1,1.0
202,1,87,143,194,180,1.0,1,1.0
202,2,155,165,54,52,1.0,1,1.0
203,1,88,142,194,181,1.0,1,1.0
203,2,155,164,59,53,1.0,1,1.0
204,1,89,143,194,180,1.0,1,1.0
204,2,156,165,60,53,1.0,1,1.0
205,1,90,143,194,180,1.0,1,1.0
205,2,159,165,57,53,1.0,1,1.0
206,1,91,142,194,181,1.0,1,1.0
206,2,157,164,66,52,1.0,1,1.0
207,1,90,141,195,181,1.0,1,1.0
207,2,158,162,61,53,1.0,1,1.0
208,1,90,142,195,182,1.0,1,1.0
208,2,157,165,56,53,1.0,1,1.0
209,1,90,141,196,182,1.0,1,1.0
209,2,159,163,60,54,1.0,1,1.0
210,1,90,142,195,181,1.0,1,1.0
210,2,157,164,64,52,1.0,1,1.0
