1,-1,1,1,167,184,1.0,1,1.0
2,-1,1,1,168,181,1.0,1,1.0
3,-1,1,1,168,181,1.0,1,1.0
4,-1,1,1,169,182,1.0,1,1.0
5,-1,1,1,170,183,1.0,1,1.0
6,-1,1,1,169,184,1.0,1,1.0
7,-1,1,1,171,187,1.0,1,1.0
8,-1,1,1,171,187,1.0,1,1.0
9,-1,1,1,172,187,1.0,1,1.0
10,-1,1,1,172,189,1.0,1,1.0
11,-1,1,1,173,189,1.0,1,1.0
12,-1,1,1,174,190,1.0,1,1.0
13,-1,1,1,174,191,1.0,1,1.0
14,-1,1,1,174,191,1.0,1,1.0
15,-1,1,1,176,193,1.0,1,1.0
16,-1,1,1,177,194,1.0,1,1.0
17,-1,1,1,177,195,1.0,1,1.0
18,-1,1,1,176,196,1.0,1,1.0
19,-1,1,1,177,196,1.0,1,1.0
20,-1,1,1,178,196,1.0,1,1.0
21,-1,1,1,178,196,1.0,1,1.0
22,-1,1,1,180,197,1.0,1,1.0
23,-1,1,1,180,197,1.0,1,1.0
24,-1,1,1,182,198,1.0,1,1.0
25,-1,1,1,183,199,1.0,1,1.0
26,-1,1,1,182,200,1.0,1,1.0
27,-1,1,1,183,200,1.0,1,1.0
28,-1,1,1,183,200,1.0,1,1.0
29,-1,1,1,182,201,1.0,1,1.0
30,-1,1,1,183,202,1.0,1,1.0
31,-1,1,1,183,200,1.0,1,1.0
32,-1,1,1,185,200,1.0,1,1.0
33,-1,1,1,184,201,1.0,1,1.0
34,-1,1,1,185,202,1.0,1,1.0
35,-1,1,1,187,205,1.0,1,1.0
36,-1,1,1,187,206,1.0,1,1.0
37,-1,1,1,186,208,1.0,1,1.0
38,-1,1,1,186,208,1.0,1,1.0
39,-1,1,1,188,210,1.0,1,1.0
40,-1,1,1,188,211,1.0,1,1.0
41,-1,1,1,189,213,1.0,1,1.0
42,-1,1,1,190,212,1.0,1,1.0
43,-1,1,1,190,213,1.0,1,1.0
44,-1,1,1,191,213,1.0,1,1.0
45,-1,1,1,192,214,1.0,1,1.0
46,-1,1,1,191,215,1.0,1,1.0
47,-1,1,1,193,218,1.0,1,1.0
48,-1,1,1,194,218,1.0,1,1.0
49,-1,1,1,195,219,1.0,1,1.0
50,-1,1,1,196,219,1.0,1,1.0
51,-1,1,1,197,220,1.0,1,1.0
52,-1,1,1,198,220,1.0,1,1.0
53,-1,1,1,199,219,1.0,1,1.0
54,-1,1,1,199,220,1.0,1,1.0
55,-1,1,1,199,221,1.0,1,1.0
56,-1,1,1,200,221,1.0,1,1.0
57,-1,1,1,200,220,1.0,1,1.0
58,-1,1,1,200,220,1.0,1,1.0
59,-1,1,1,200,221,1.0,1,1.0
60,-1,1,1,200,222,1.0,1,1.0
61,-1,1,1,200,223,1.0,1,1.0
62,-1,1,1,200,224,1.0,1,1.0
63,-1,1,1,201,226,1.0,1,1.0
64,-1,1,1,202,229,1.0,1,1.0
65,-1,1,1,202,230,1.0,1,1.0
66,-1,1,1,204,231,1.0,1,1.0
67,-1,1,1,206,233,1.0,1,1.0
68,-1,1,1,206,233,1.0,1,1.0
69,-1,1,1,207,234,1.0,1,1.0
70,-1,1,1,207,236,1.0,1,1.0
71,-1,1,1,208,236,1.0,1,1.0
72,-1,1,1,209,238,1.0,1,1.0
73,-1,1,1,210,238,1.0,1,1.0
74,-1,1,1,210,237,1.0,1,1.0
75,-1,1,1,212,237,1.0,1,1.0
76,-1,1,1,212,238,1.0,1,1.0
77,-1,1,1,211,239,1.0,1,1.0
78,-1,1,1,213,239,1.0,1,1.0
79,-1,1,1,213,240,1.0,1,1.0
80,-1,1,1,214,241,1.0,1,1.0
81,-1,1,1,214,244,1.0,1,1.0
82,-1,1,1,217,245,1.0,1,1.0
83,-1,1,1,217,245,1.0,1,1.0
84,-1,1,1,217,246,1.0,1,1.0
85,-1,1,1,218,243,1.0,1,1.0
86,-1,1,1,217,246,1.0,1,1.0
87,-1,1,1,216,247,1.0,1,1.0
88,-1,1,1,217,247,1.0,1,1.0
89,-1,1,1,217,247,1.0,1,1.0
90,-1,1,1,219,248,1.0,1,1.0
91,-1,1,1,220,248,1.0,1,1.0
92,-1,1,1,220,249,1.0,1,1.0
93,-1,1,1,222,251,1.0,1,1.0
94,-1,1,1,223,252,1.0,1,1.0
95,-1,1,1,224,253,1.0,1,1.0
96,-1,1,1,225,253,1.0,1,1.0
97,-1,1,1,225,255,1.0,1,1.0
98,-1,1,1,226,257,1.0,1,1.0
99,-1,1,1,228,258,1.0,1,1.0
100,-1,1,1,229,258,1.0,1,1.0
101,-1,1,1,231,259,1.0,1,1.0
102,-1,1,1,231,261,1.0,1,1.0
103,-1,1,1,230,262,1.0,2,1.0
104,-1,1,1,231,262,1.0,2,1.0
105,-1,1,1,234,262,1.0,2,1.0
106,-1,1,1,234,263,1.0,2,1.0
107,-1,1,1,235,263,1.0,2,1.0
108,-1,1,1,236,262,1.0,2,1.0
109,-1,1,1,235,263,1.0,2,1.0
110,-1,1,1,235,263,1.0,2,1.0
111,-1,1,1,234,264,1.0,2,1.0
112,-1,1,1,235,265,1.0,2,1.0
113,-1,1,1,235,265,1.0,1,1.0
114,-1,1,1,236,266,1.0,1,1.0
115,-1,1,1,237,267,1.0,1,1.0
116,-1,1,1,238,268,1.0,1,1.0
117,-1,1,1,240,268,1.0,1,1.0
118,-1,1,1,241,269,1.0,1,1.0
119,-1,1,1,242,269,1.0,1,1.0
120,-1,1,1,242,269,1.0,1,1.0
121,-1,1,1,241,269,1.0,1,1.0
122,-1,1,1,241,270,1.0,1,1.0
123,-1,1,1,243,273,1.0,1,1.0
124,-1,1,1,245,274,1.0,1,1.0
125,-1,1,1,246,276,1.0,1,1.0
126,-1,1,1,248,277,1.0,1,1.0
127,-1,1,1,249,277,1.0,1,1.0
128,-1,1,1,247,280,1.0,1,1.0
129,-1,1,1,248,282,1.0,1,1.0
130,-1,1,1,249,283,1.0,1,1.0
131,-1,1,1,251,282,1.0,1,1.0
132,-1,1,1,256,284,1.0,1,1.0
133,-1,1,1,257,290,1.0,1,1.0
134,-1,1,1,257,292,1.0,1,1.0
135,-1,1,1,259,293,1.0,1,1.0
136,-1,1,1,260,294,1.0,1,1.0
137,-1,1,1,261,289,1.0,1,1.0
138,-1,1,1,262,290,1.0,1,1.0
139,-1,1,1,262,294,1.0,1,1.0
140,-1,1,1,263,296,1.0,1,1.0
141,-1,1,1,255,304,1.0,1,1.0
142,-1,1,1,255,307,1.0,1,1.0
143,-1,1,1,255,309,1.0,1,1.0
144,-1,1,1,255,310,1.0,1,1.0
145,-1,1,1,256,312,1.0,1,1.0
146,-1,1,1,256,311,1.0,1,1.0
147,-1,1,1,257,312,1.0,1,1.0
148,-1,1,1,259,312,1.0,1,1.0
149,-1,1,1,260,312,1.0,1,1.0
150,-1,1,1,260,312,1.0,1,1.0
151,-1,1,1,260,313,1.0,1,1.0
152,-1,1,1,261,312,1.0,1,1.0
153,-1,1,1,261,313,1.0,1,1.0
154,-1,1,1,259,309,1.0,1,1.0
155,-1,1,1,261,310,1.0,1,1.0
156,-1,1,1,262,311,1.0,1,1.0
157,-1,1,1,263,309,1.0,1,1.0
158,-1,1,1,262,309,1.0,1,1.0
159,-1,1,1,263,310,1.0,1,1.0
160,-1,1,1,264,310,1.0,1,1.0
161,-1,1,1,265,310,1.0,1,1.0
162,-1,1,1,266,311,1.0,1,1.0
163,-1,1,1,266,312,1.0,1,1.0
164,-1,1,1,266,312,1.0,1,1.0
165,-1,1,1,268,313,1.0,1,1.0
166,-1,1,1,268,314,1.0,1,1.0
167,-1,1,1,269,316,1.0,1,1.0
168,-1,1,1,270,315,1.0,1,1.0
169,-1,1,1,272,316,1.0,1,1.0
170,-1,1,1,274,318,1.0,1,1.0
171,-1,1,1,273,318,1.0,1,1.0
172,-1,1,1,275,318,1.0,1,1.0
173,-1,1,1,276,320,1.0,1,1.0
174,-1,1,1,276,320,1.0,1,1.0
175,-1,1,1,277,320,1.0,1,1.0
176,-1,1,1,278,323,1.0,1,1.0
177,-1,1,1,279,324,1.0,1,1.0
178,-1,1,1,281,326,1.0,1,1.0
179,-1,1,1,282,327,1.0,1,1.0
180,-1,1,1,281,328,1.0,1,1.0
181,-1,1,1,283,330,1.0,1,1.0
182,-1,1,1,284,330,1.0,1,1.0
183,-1,1,1,286,330,1.0,1,1.0
184,-1,1,1,286,328,1.0,1,1.0
185,-1,1,1,288,330,1.0,1,1.0
186,-1,1,1,289,332,1.0,1,1.0
187,-1,1,1,289,332,1.0,1,1.0
188,-1,1,1,289,334,1.0,1,1.0
189,-1,1,1,289,335,1.0,1,1.0
190,-1,1,1,290,337,1.0,1,1.0
191,-1,1,1,291,337,1.0,1,1.0
192,-1,1,1,291,334,1.0,1,1.0
193,-1,1,1,293,333,1.0,1,1.0
194,-1,1,1,296,333,1.0,1,1.0
195,-1,1,1,296,336,1.0,1,1.0
196,-1,1,1,298,337,1.0,1,1.0
197,-1,1,1,299,337,1.0,1,1.0
198,-1,1,1,300,336,1.0,1,1.0
199,-1,1,1,302,335,1.0,1,1.0
200,-1,1,1,303,338,1.0,1,1.0
201,-1,1,1,305,338,1.0,1,1.0
202,-1,1,1,305,339,1.0,1,1.0
203,-1,1,1,305,344,1.0,1,1.0
204,-1,1,1,306,345,1.0,1,1.0
205,-1,1,1,307,342,1.0,1,1.0
206,-1,1,1,311,342,1.0,1,1.0
207,-1,1,1,312,343,1.0,1,1.0
208,-1,1,1,312,346,1.0,1,1.0
209,-1,1,1,313,347,1.0,1,1.0
210,-1,1,1,309,350,1.0,1,1.0
211,-1,1,1,305,352,1.0,1,1.0
212,-1,1,1,304,356,1.0,1,1.0
213,-1,1,1,304,356,1.0,1,1.0
214,-1,1,1,303,358,1.0,1,1.0
215,-1,1,1,304,360,1.0,1,1.0
216,-1,1,1,303,362,1.0,1,1.0
217,-1,1,1,304,364,1.0,1,1.0
218,-1,1,1,305,365,1.0,1,1.0
219,-1,1,1,307,365,1.0,1,1.0
220,-1,1,1,307,366,1.0,1,1.0
221,-1,1,1,309,368,1.0,1,1.0
222,-1,1,1,311,369,1.0,1,1.0
223,-1,1,1,311,368,1.0,1,1.0
224,-1,1,1,310,370,1.0,1,1.0
225,-1,1,1,310,372,1.0,1,1.0
226,-1,1,1,311,372,1.0,1,1.0
227,-1,1,1,314,372,1.0,1,1.0
228,-1,1,1,315,373,1.0,1,1.0
229,-1,1,1,316,371,1.0,1,1.0
230,-1,1,1,316,372,1.0,1,1.0
231,-1,1,1,317,373,1.0,1,1.0
232,-1,1,1,318,373,1.0,1,1.0
233,-1,1,1,321,375,1.0,1,1.0
234,-1,1,1,320,375,1.0,1,1.0
235,-1,1,1,323,375,1.0,1,1.0
236,-1,1,1,323,376,1.0,1,1.0
237,-1,1,1,323,376,1.0,1,1.0
238,-1,1,1,325,376,1.0,1,1.0
239,-1,1,1,325,375,1.0,1,1.0
240,-1,1,1,325,376,1.0,1,1.0
241,-1,1,1,324,377,1.0,1,1.0
242,-1,1,1,327,377,1.0,1,1.0
243,-1,1,1,327,379,1.0,1,1.0
244,-1,1,1,329,382,1.0,1,1.0
245,-1,1,1,330,382,1.0,1,1.0
246,-1,1,1,330,381,1.0,1,1.0
247,-1,1,1,332,382,1.0,1,1.0
248,-1,1,1,331,386,1.0,1,1.0
249,-1,1,1,332,387,1.0,1,1.0
250,-1,1,1,333,389,1.0,1,1.0
251,-1,1,1,333,391,1.0,1,1.0
252,-1,1,1,333,392,1.0,1,1.0
253,-1,1,1,335,393,1.0,1,1.0
254,-1,1,1,336,393,1.0,1,1.0
255,-1,1,1,337,393,1.0,1,1.0
256,-1,1,1,340,396,1.0,1,1.0
257,-1,1,1,341,397,1.0,1,1.0
258,-1,1,1,343,398,1.0,1,1.0
259,-1,1,1,342,399,1.0,1,1.0
260,-1,1,1,344,400,1.0,1,1.0
261,-1,1,1,344,402,1.0,1,1.0
262,-1,1,1,343,403,1.0,1,1.0
263,-1,1,1,342,405,1.0,1,1.0
264,-1,1,1,342,407,1.0,1,1.0
265,-1,1,1,337,405,1.0,1,1.0
266,-1,1,1,339,406,1.0,1,1.0
267,-1,1,1,340,406,1.0,1,1.0
268,-1,1,1,341,409,1.0,1,1.0
269,-1,1,1,341,409,1.0,1,1.0
270,-1,1,1,342,409,1.0,1,1.0
271,-1,1,1,342,409,1.0,1,1.0
272,-1,1,1,343,408,1.0,1,1.0
273,-1,1,1,343,409,1.0,1,1.0
274,-1,1,1,342,409,1.0,1,1.0
275,-1,1,1,344,409,1.0,1,1.0
276,-1,1,1,344,409,1.0,1,1.0
277,-1,1,1,345,410,1.0,1,1.0
278,-1,1,1,345,411,1.0,1,1.0
279,-1,1,1,345,412,1.0,1,1.0
280,-1,1,1,347,413,1.0,1,1.0
281,-1,1,1,348,413,1.0,1,1.0
282,-1,1,1,349,413,1.0,1,1.0
283,-1,1,1,351,413,1.0,1,1.0
284,-1,1,1,351,415,1.0,1,1.0
285,-1,1,1,353,417,1.0,1,1.0
286,-1,1,1,353,422,1.0,1,1.0
287,-1,1,1,353,422,1.0,1,1.0
288,-1,1,1,354,422,1.0,1,1.0
289,-1,1,1,355,423,1.0,1,1.0
290,-1,1,1,355,423,1.0,1,1.0
291,-1,1,1,355,424,1.0,1,1.0
292,-1,1,1,356,425,1.0,1,1.0
293,-1,1,1,354,424,1.0,1,1.0
294,-1,1,1,354,423,1.0,1,1.0
295,-1,1,1,354,424,1.0,1,1.0
296,-1,1,1,353,424,1.0,1,1.0
297,-1,1,1,353,423,1.0,1,1.0
298,-1,1,1,352,425,1.0,1,1.0
299,-1,1,1,352,426,1.0,1,1.0
300,-1,1,1,352,426,1.0,1,1.0
301,-1,1,1,353,426,1.0,1,1.0
302,-1,1,1,353,426,1.0,1,1.0
303,-1,1,1,355,427,1.0,1,1.0
304,-1,1,1,356,429,1.0,1,1.0
305,-1,1,1,357,429,1.0,1,1.0
306,-1,1,1,356,429,1.0,1,1.0
307,-1,1,1,358,429,1.0,1,1.0
308,-1,1,1,359,431,1.0,1,1.0
309,-1,1,1,358,430,1.0,1,1.0
310,-1,1,1,359,429,1.0,1,1.0
311,-1,1,1,359,429,1.0,1,1.0
312,-1,1,1,360,430,1.0,1,1.0
313,-1,1,1,360,431,1.0,1,1.0
314,-1,1,1,360,432,1.0,1,1.0
315,-1,1,1,362,433,1.0,1,1.0
