31,28,1
29,29,1
28,33,1
36,31,1
31,35,1
31,39,1
28,37,0
29,41,1
33,32,1
31,34,1
35,44,0
39,41,1
37,35,0
41,38,1
32,52,1
34,35,1
44,36,0
41,33,1
35,26,1
38,40,1
52,30,0
35,27,0
36,27,0
33,32,1
26,38,0
40,42,1
30,31,1
27,27,1
27,36,1
32,30,1
38,38,1
42,41,1
31,36,1
27,32,1
36,48,1
30,49,1
38,41,1
41,32,1
36,40,1
32,40,1
48,42,1
49,50,1
41,33,1
32,47,1
40,49,1
40,43,1
42,45,1
50,57,1
33,44,1
47,49,1
49,51,1
43,44,1
45,49,1
57,50,1
44,52,1
49,48,1
51,61,1
44,51,1
49,55,1
50,51,1
52,45,1
48,46,1
61,40,1
51,53,1
55,47,1
51,46,1
45,43,1
46,34,1
40,41,1
53,50,1
47,47,1
46,49,1
43,49,1
34,48,1
41,43,1
50,53,1
47,54,1
49,51,1
49,45,1
48,52,1
43,52,1
53,47,1
54,44,1
51,53,1
45,52,1
52,49,1
52,58,1
47,43,1
44,43,1
53,50,1
52,41,1
49,57,1
58,54,1
43,58,1
43,53,1
50,48,1
41,49,1
57,46,1
54,50,1
58,42,1
53,48,1
48,53,1
49,52,1
46,56,1
50,46,1
42,46,1
48,51,1
53,56,1
52,55,1
56,47,0
46,42,1
46,59,1
51,52,1
56,51,1
55,55,1
47,58,1
42,50,1
59,57,1
52,59,1
51,55,1
55,52,1
58,47,1
50,53,0
57,55,1
59,58,1
55,53,1
52,51,1
47,56,1
53,64,1
55,62,1
58,64,1
53,49,1
51,63,1
56,57,1
64,59,1
62,54,1
64,61,1
49,61,1
63,58,1
57,56,1
59,57,1
54,58,1
61,63,1
61,61,1
58,61,1
56,61,1
57,72,1
58,62,1
63,58,1
61,70,1
61,63,1
61,60,1
72,59,1
62,59,1
58,64,1
70,58,1
63,64,1
60,50,1
59,60,1
59,64,1
64,62,1
58,64,1
64,75,1
50,69,1
60,76,1
64,70,1
62,70,1
64,76,1
75,68,1
69,69,1
76,65,1
70,66,1
70,74,1
76,80,1
68,66,1
69,62,1
65,69,1
66,63,1
74,67,1
80,66,1
66,67,1
62,64,1
69,69,1
63,68,1
67,68,1
66,68,1
67,63,1
64,73,1
69,72,1
68,66,1
68,61,1
68,67,1
63,64,1
73,65,1
72,72,1
66,69,1
61,70,1
67,76,1
64,80,1
65,85,1
72,97,1
69,77,1
70,78,1
76,89,1
80,84,1
85,80,1
97,77,1
77,69,1
78,66,1
89,91,1
84,91,1
80,82,1
77,94,1
69,93,1
66,97,1
91,91,1
91,94,1
82,89,1
94,95,1
93,112,1
97,113,1
91,126,1
94,125,1
89,119,1
95,135,1
112,149,1
113,133,1
126,152,1
125,144,1
119,168,1
135,159,1
149,176,1
133,181,1
152,185,1
144,185,1
168,180,1
159,201,1
176,205,1
181,198,1
185,200,1
185,219,1
180,215,1
201,235,1
205,245,1
198,255,1
200,209,1
219,208,1
215,177,1
235,175,1
245,174,1
255,188,1
209,191,1
208,165,1
177,182,1
175,187,1
174,177,1
188,204,1
191,198,1
165,202,1
182,212,1
187,228,1
177,220,1
204,205,1
198,222,1
202,242,1
212,251,1
228,265,1
220,287,1
205,279,1
222,261,1
242,293,1
251,269,1
265,269,1
287,283,1
279,300,1
261,286,1
293,293,1
269,288,1
269,316,1
283,318,1
300,327,1
286,349,1
293,337,1
288,355,1
316,339,1
318,347,1
327,349,1
349,321,1
337,362,1
355,334,1
339,341,1
347,346,1
349,350,1
321,377,1
362,392,1
334,393,1
341,433,1
346,407,1
350,407,1
377,441,1
392,412,1
393,361,1
433,369,1
407,414,1
407,404,1
441,390,1
412,401,1
361,394,1
369,366,1
414,375,1
404,406,1
390,390,1
401,430,1
394,411,1
366,428,1
375,444,1
406,438,1
390,441,1
430,443,1
411,453,1
428,443,1
444,461,1
438,439,1
441,492,1
443,498,1
453,521,1
443,497,1
461,513,1
439,493,1
492,504,1
498,480,1
521,486,1
497,504,1
513,509,1
493,504,1
504,525,1
480,479,1
486,494,1
504,496,1
509,514,1
504,483,1
525,468,1
479,496,1
494,531,1
496,509,1
514,497,1
483,494,1
468,490,1
496,536,1
531,479,1
509,512,1
497,475,1
494,492,1
490,493,1
24,28,1
28,29,1
35,29,1
32,20,0
27,33,0
25,35,1
28,29,1
29,28,1
29,25,1
20,22,0
33,29,0
35,31,0
29,38,1
28,22,1
25,31,0
22,27,1
29,32,1
31,38,1
38,38,1
22,28,1
31,29,1
27,35,1
32,34,0
38,27,0
38,32,1
28,29,0
29,31,1
35,31,0
34,29,1
27,33,1
32,26,1
29,28,0
31,28,1
31,24,1
29,29,0
33,32,1
26,26,1
28,28,1
28,33,1
24,39,0
29,36,1
32,37,1
26,31,1
28,32,1
33,37,1
39,29,1
36,31,1
37,43,1
31,38,1
32,32,1
37,36,1
29,36,0
31,35,1
43,34,0
38,30,1
32,40,1
36,46,1
36,37,0
35,43,0
34,45,1
30,43,1
40,43,1
46,46,1
37,38,1
43,41,0
45,48,1
43,40,1
43,41,1
46,48,1
38,43,1
41,39,1
48,40,1
40,44,1
41,49,1
48,46,1
43,37,1
39,37,1
40,39,1
44,34,0
49,33,1
46,32,1
37,41,1
37,32,1
39,37,1
34,41,1
33,37,1
32,44,0
41,36,1
32,37,1
37,33,0
41,46,1
37,38,1
44,35,1
36,45,1
37,42,1
33,45,1
46,37,1
38,47,1
35,45,1
45,34,1
42,37,1
45,49,1
37,46,1
47,51,1
45,48,1
34,37,1
37,41,1
49,43,1
46,41,1
51,35,1
48,37,1
37,39,1
41,40,0
43,42,1
41,38,1
35,42,1
37,47,1
39,40,1
40,45,1
42,45,1
38,48,1
42,42,1
47,41,1
40,46,1
45,38,1
45,44,1
48,46,1
42,44,1
41,47,1
46,49,1
38,50,1
44,44,1
46,46,1
44,38,1
47,49,1
49,54,1
50,39,1
44,46,1
46,46,0
38,41,1
49,49,1
54,49,1
39,45,1
46,46,1
46,44,1
41,47,1
49,46,1
49,42,1
45,45,1
46,44,1
44,46,1
47,57,1
46,62,0
42,61,1
45,52,1
44,76,1
46,56,1
57,59,1
62,47,1
61,56,1
52,50,1
76,49,1
56,52,1
59,56,1
47,49,1
56,64,1
50,71,1
49,69,1
52,75,1
56,59,1
49,58,1
64,64,1
71,56,1
69,61,1
75,70,1
59,72,1
58,63,1
64,74,1
56,65,1
61,67,1
70,67,1
72,69,1
63,65,1
74,77,1
65,78,1
67,68,1
67,63,1
69,61,1
65,74,1
77,73,1
78,69,1
68,85,1
63,65,1
61,70,1
74,57,1
73,58,1
69,72,1
85,69,1
65,61,1
70,67,1
57,72,1
58,68,1
72,57,1
69,59,1
61,68,1
67,62,1
72,70,1
68,70,1
57,72,1
59,66,1
68,75,1
62,80,1
70,92,1
70,115,1
72,84,1
66,143,1
75,140,1
80,134,1
92,144,1
115,148,1
84,170,1
143,163,1
140,178,1
134,176,1
144,171,1
148,176,1
170,224,1
163,224,1
178,207,1
176,203,1
171,222,1
176,208,1
224,226,1
224,214,1
207,215,1
203,205,1
222,217,1
208,195,1
226,230,1
214,221,1
215,199,1
205,217,1
217,219,1
195,213,1
230,201,1
221,201,1
199,194,1
217,216,1
219,223,1
213,224,1
201,218,1
201,207,1
194,246,1
216,245,1
223,244,1
224,244,1
218,243,1
207,246,1
246,227,1
245,219,1
244,256,1
244,272,1
243,283,1
246,300,1
227,322,1
219,358,1
256,355,1
272,357,1
283,358,1
300,381,1
322,349,1
358,365,1
355,359,1
357,349,1
358,376,1
381,358,1
349,342,1
365,280,1
359,310,1
349,354,1
376,259,1
358,281,1
342,279,1
280,318,1
310,305,1
354,334,1
259,346,1
281,359,1
279,358,1
318,359,1
305,372,1
334,370,1
346,387,1
359,388,1
358,427,1
359,412,1
372,417,1
370,399,1
387,400,1
388,404,1
427,389,1
412,413,1
417,404,1
399,408,1
400,402,1
404,422,1
389,431,1
413,423,1
404,471,1
408,478,1
402,468,1
422,460,1
431,467,1
423,483,1
471,487,1
478,492,1
468,530,1
460,576,1
467,533,1
483,533,1
487,559,1
492,524,1
530,509,1
576,506,1
24,19,0
14,18,0
19,16,0
16,14,1
14,15,0
11,15,0
19,12,0
18,14,0
16,15,0
14,17,0
15,19,0
15,17,0
12,17,0
14,15,0
15,17,0
17,14,0
19,12,1
17,20,0
17,17,0
15,16,0
17,17,0
14,15,0
12,18,0
20,24,0
17,21,0
16,15,0
17,16,0
15,18,0
18,21,0
24,22,1
21,25,0
15,22,0
16,28,0
18,24,1
21,32,1
22,22,0
25,26,1
22,29,0
28,30,0
24,28,0
32,25,0
22,35,0
26,32,0
29,22,0
30,31,0
28,28,0
25,26,0
35,28,1
32,37,1
22,33,0
31,31,0
28,33,1
26,30,0
28,29,0
37,27,1
33,25,0
31,21,0
33,25,0
30,29,1
29,20,0
27,21,1
25,21,1
21,22,1
25,29,0
29,24,1
20,30,0
21,28,1
21,29,1
22,26,0
29,34,1
24,27,1
30,37,1
28,42,0
29,45,1
26,35,1
34,38,1
27,43,1
37,40,1
42,39,1
45,50,1
35,42,1
38,47,1
43,38,1
40,55,1
39,39,1
50,48,1
42,52,1
47,51,1
38,54,0
55,54,1
39,52,1
48,61,1
52,38,1
51,40,1
54,36,1
54,36,1
52,39,1
61,49,1
38,41,1
40,43,1
36,36,1
36,34,1
39,51,1
49,45,1
41,62,1
43,45,1
36,36,1
34,43,1
51,49,1
45,57,1
62,58,1
45,53,1
36,58,1
43,57,1
49,54,1
57,56,1
58,59,1
53,50,1
58,57,1
57,64,1
54,68,1
56,53,1
59,69,1
50,61,1
57,58,1
64,51,1
68,58,1
53,56,1
69,58,1
61,47,1
58,56,1
51,60,1
58,56,1
56,56,1
58,56,1
47,57,1
56,68,1
60,71,1
56,65,1
56,61,1
56,60,1
57,62,1
68,71,1
71,74,1
65,62,1
61,63,1
60,64,1
62,45,1
71,69,1
74,62,1
62,58,1
63,68,1
64,57,1
45,63,1
69,64,1
62,56,1
58,61,1
68,52,1
57,56,1
63,62,1
64,67,1
56,80,1
61,76,1
52,69,1
56,61,1
62,58,1
67,58,1
80,71,1
76,72,1
69,77,1
61,92,1
58,86,1
58,82,1
71,85,1
72,74,1
77,96,1
92,95,1
86,82,1
82,87,1
85,77,1
74,80,1
96,76,1
95,79,1
82,82,1
87,76,1
77,74,1
80,82,1
76,77,1
79,76,1
82,86,1
76,84,1
74,88,1
82,93,1
77,81,1
76,83,1
86,89,1
84,90,1
88,89,1
93,95,1
81,92,1
83,89,1
89,95,1
90,94,1
89,91,1
95,95,1
92,95,1
89,83,1
95,101,1
94,110,1
91,106,1
95,118,1
95,119,1
83,120,1
101,128,1
110,140,1
106,132,1
118,132,1
119,135,1
120,136,1
128,143,1
140,148,1
132,162,1
132,160,1
135,178,1
136,178,1
143,210,1
148,211,1
162,220,1
160,251,1
178,266,1
178,238,1
210,239,1
211,253,1
220,250,1
251,257,1
266,286,1
238,300,1
239,253,1
253,275,1
250,281,1
257,341,1
286,318,1
300,338,1
253,340,1
275,367,1
281,354,1
341,333,1
318,340,1
338,344,1
340,354,1
367,343,1
354,362,1
333,374,1
340,354,1
344,364,1
354,387,1
343,390,1
362,413,1
374,401,1
354,382,1
364,407,1
387,385,1
390,422,1
413,411,1
401,383,1
382,399,1
407,387,1
385,418,1
422,391,1
411,420,1
383,428,1
399,444,1
387,440,1
418,477,1
391,459,1
420,480,1
428,488,1
444,515,1
440,503,1
477,493,1
459,505,1
480,515,1
488,534,1
515,544,1
503,581,1
493,598,1
505,642,1
515,663,1
534,593,1
544,517,1
581,512,1
598,524,1
642,529,1
663,566,1
593,547,1
517,533,1
512,564,1
524,561,1
529,554,1
566,601,1
547,606,1
533,602,1
564,625,1
561,639,1
554,683,1
601,695,1
606,652,1
602,640,1
625,630,1
639,652,1
683,658,1
695,674,1
652,700,1
640,717,1
630,730,1
652,736,1
658,737,1
674,713,1
700,725,1
717,742,1
730,762,1
736,768,1
737,752,1
713,746,1
725,771,1
742,757,1
762,766,1
768,792,1
752,815,1
746,774,1
771,798,1
757,787,1
766,822,1
792,838,1
815,853,1
774,852,1
798,876,1
787,864,1
822,835,1
838,857,1
853,858,1
852,868,1
876,836,1
864,880,1
835,915,1
857,890,1
858,886,1
868,943,1
836,921,1
880,925,1
915,931,1
890,929,1
886,887,1
943,922,1
16,22,1
24,23,0
21,23,1
18,21,0
21,22,1
21,25,1
22,23,0
23,27,1
23,29,1
21,25,0
22,29,1
25,35,0
23,24,1
27,27,0
29,32,0
25,36,0
29,38,1
35,40,0
24,44,1
27,35,1
32,31,1
36,40,1
38,34,1
40,19,1
44,35,1
35,43,0
31,30,0
40,35,1
34,38,1
19,33,0
35,35,1
43,29,0
30,36,0
35,41,1
38,37,1
33,43,1
35,39,1
29,36,1
36,37,1
41,31,1
37,39,1
43,34,1
39,37,1
36,35,1
37,40,1
31,45,1
39,38,1
34,43,1
37,35,1
35,38,1
40,39,1
45,36,1
38,44,1
43,37,1
35,41,1
38,39,1
39,36,1
36,42,1
44,38,1
37,45,1
41,42,1
39,44,1
36,45,1
42,54,1
38,45,0
45,55,1
42,51,1
44,51,1
45,52,1
54,47,0
45,48,0
55,53,1
51,55,1
51,49,1
52,49,0
47,53,1
48,60,1
53,47,1
55,40,1
49,53,1
49,49,1
53,50,1
60,52,1
47,61,1
40,49,1
53,51,1
49,47,1
50,57,1
52,59,1
61,52,1
49,49,1
51,58,1
47,56,1
57,59,1
59,62,1
52,58,1
49,53,1
58,60,1
56,57,1
59,64,1
62,61,1
58,65,1
53,68,1
60,64,1
57,51,1
64,63,1
61,63,1
65,60,1
68,55,1
64,60,1
51,62,1
63,58,1
63,56,1
60,54,1
55,57,1
60,54,1
62,65,1
58,64,1
56,52,1
54,58,1
57,55,1
54,59,1
65,68,1
64,63,1
52,63,1
58,70,1
55,81,1
59,94,1
68,94,1
63,99,1
63,96,1
70,85,1
81,89,1
94,87,1
94,73,1
99,80,1
96,68,1
85,76,1
89,79,1
87,74,1
73,71,1
80,70,1
68,71,1
76,72,1
79,73,1
74,72,1
71,68,1
70,67,1
71,75,1
72,77,1
73,75,1
72,78,1
68,69,1
67,75,1
75,88,1
77,79,1
75,77,1
78,86,1
69,95,1
75,91,1
88,90,1
79,88,1
77,81,0
86,97,1
95,85,1
91,90,1
90,96,1
88,99,1
81,98,1
97,90,1
85,90,1
90,91,1
96,105,1
99,95,1
98,109,1
90,99,1
90,108,1
91,120,1
105,120,1
95,114,0
109,112,1
99,130,1
108,124,1
120,145,1
120,137,1
114,127,1
112,145,1
130,131,1
124,152,1
145,146,1
137,153,1
127,164,1
145,165,1
131,190,1
152,181,1
146,198,1
153,193,1
164,212,1
165,196,1
190,218,1
181,199,1
198,229,1
193,212,1
212,166,1
196,167,1
218,192,1
199,217,1
229,228,1
212,229,1
166,220,1
167,233,1
192,237,1
217,244,1
228,249,1
229,261,1
220,265,1
233,265,1
237,280,1
244,284,1
249,274,1
261,289,1
265,287,1
265,288,1
280,301,1
284,281,1
274,315,1
289,353,1
287,320,1
288,361,1
301,355,1
281,343,1
315,352,1
353,342,1
320,338,1
361,341,1
355,366,1
343,364,1
352,382,1
342,376,1
338,403,1
341,423,1
366,445,1
364,475,1
382,444,1
376,452,1
403,443,1
423,477,1
445,461,1
475,467,1
444,439,1
452,453,1
443,436,1
477,445,1
461,479,1
467,474,1
439,510,1
453,517,1
436,545,1
445,461,1
479,465,1
474,492,1
510,517,1
517,537,1
545,502,1
461,537,1
465,526,1
492,541,1
517,504,1
537,554,1
502,535,1
537,539,1
526,580,1
541,585,1
504,571,1
554,590,1
535,598,1
539,620,1
580,626,1
585,650,1
571,663,1
590,640,1
598,648,1
620,644,1
626,642,1
650,643,1
663,644,1
640,647,1
648,670,1
644,648,1
642,666,1
643,644,1
644,627,1
647,668,1
670,678,1
648,639,1
666,657,1
644,672,1
627,689,1
668,684,1
678,691,1
639,673,1
657,657,1
672,653,1
689,662,1
684,690,1
691,704,1
673,731,1
657,724,1
653,746,1
79,63,1
86,74,1
82,69,1
81,60,0
70,66,1
68,62,1
63,63,1
74,59,1
69,57,1
60,65,1
66,62,1
62,72,1
63,63,1
59,62,1
57,56,1
65,61,1
62,72,1
72,73,1
63,70,1
62,49,1
56,51,1
61,64,0
72,57,1
73,57,0
70,53,1
49,51,1
51,48,1
64,64,1
57,71,1
57,71,1
53,78,1
51,65,1
48,72,1
64,79,1
71,81,1
71,62,1
78,70,1
65,77,1
72,83,1
79,68,1
81,61,1
62,58,1
70,52,1
77,72,1
83,64,1
68,50,1
61,51,1
58,58,1
52,52,1
72,52,1
64,53,1
50,52,1
51,56,1
58,51,1
52,53,1
52,58,1
53,51,1
52,61,1
56,36,1
51,52,1
53,63,0
58,61,1
51,46,1
61,50,1
36,59,1
52,66,1
63,59,1
61,55,1
46,51,0
50,50,0
59,54,0
66,44,0
59,54,1
55,55,1
51,55,0
50,49,1
54,49,0
44,63,0
54,48,0
55,52,0
55,58,0
49,62,0
49,51,0
63,49,0
48,54,0
52,55,1
58,71,1
62,78,0
51,78,1
49,84,0
54,82,0
55,72,1
71,79,0
78,81,1
78,84,1
84,80,1
82,82,1
72,93,1
79,83,1
81,83,0
84,73,0
80,72,0
82,70,1
93,90,0
83,95,1
83,100,0
73,112,1
72,116,1
70,114,0
90,115,0
95,115,0
100,113,1
112,126,1
116,128,1
114,142,0
115,137,1
115,146,1
113,134,1
126,133,1
128,143,1
142,146,0
137,162,1
146,175,1
134,205,1
133,160,1
143,186,1
146,173,1
162,180,1
175,173,1
205,181,1
160,217,1
186,192,1
173,223,1
180,263,1
173,287,1
181,292,1
217,308,1
192,320,1
223,328,1
263,216,1
287,229,1
292,232,1
308,242,1
320,223,1
328,273,1
216,283,1
229,265,1
232,336,1
242,352,1
223,312,1
273,342,1
283,359,1
265,391,1
336,397,1
352,391,1
312,435,1
342,428,1
359,423,1
391,446,1
397,432,1
391,412,1
435,433,1
428,435,1
423,449,1
446,463,1
432,475,1
412,554,1
433,569,1
435,571,1
449,612,1
463,630,1
475,597,1
554,611,1
569,596,1
571,539,1
612,595,1
630,591,1
597,601,1
611,613,1
596,638,1
539,665,1
595,572,1
591,568,1
601,586,1
613,603,1
638,605,1
665,626,1
572,665,1
568,676,1
586,648,1
603,663,1
605,670,1
626,671,1
665,697,1
676,698,1
648,694,1
663,731,1
670,777,1
671,758,1
697,747,1
698,743,1
694,804,1
731,764,1
777,786,1
758,771,1
747,738,1
743,792,1
804,801,1
764,825,1
786,827,1
771,845,1
738,812,1
792,840,1
801,824,1
825,815,1
827,805,1
845,791,1
812,815,1
840,833,1
824,794,1
815,802,1
805,793,1
791,803,1
815,833,1
833,807,1
794,829,1
802,827,1
793,834,1
803,809,1
833,811,1
807,816,1
829,822,1
827,831,1
834,805,1
47,39,1
49,53,1
46,49,0
51,50,1
52,54,1
43,61,1
39,60,1
53,68,1
49,55,1
50,52,1
54,50,1
61,53,1
60,48,1
68,47,1
55,49,1
52,42,1
50,41,1
53,44,1
48,52,1
47,55,0
49,63,1
42,47,1
41,45,1
44,45,1
52,46,1
55,52,0
63,48,1
47,55,1
45,54,1
45,57,0
46,56,1
52,61,1
48,56,1
55,49,1
54,47,1
57,51,1
56,54,1
61,63,1
56,55,1
49,62,1
47,54,1
51,50,1
54,63,1
63,58,1
55,57,1
62,59,1
54,55,1
50,64,1
63,54,1
58,51,1
57,45,1
59,59,1
55,64,0
64,58,1
54,56,1
51,55,1
45,57,1
59,61,1
64,65,1
58,57,1
56,62,1
55,52,1
57,65,1
61,61,1
65,57,1
57,65,1
62,55,1
52,54,1
65,56,1
61,39,1
57,51,1
65,37,0
55,48,1
54,41,1
56,38,0
39,45,0
51,47,1
37,49,1
48,47,1
41,43,1
38,47,1
45,51,0
47,45,1
49,44,0
47,51,0
43,45,1
47,46,0
51,42,0
45,63,0
44,66,0
51,54,0
45,66,0
46,73,0
42,59,0
63,61,0
66,61,0
54,48,0
66,61,0
73,58,0
59,56,0
61,65,1
61,64,0
48,64,1
61,48,1
58,52,1
56,71,0
65,67,1
64,63,0
64,63,0
48,74,0
52,70,1
71,80,1
67,91,1
63,92,0
63,78,0
74,81,1
70,77,0
80,73,0
91,84,0
92,79,0
78,85,0
81,90,1
77,103,0
73,118,0
84,106,1
79,111,1
85,114,1
90,112,0
103,126,1
118,130,0
106,139,0
111,140,1
114,137,1
112,132,1
126,134,1
130,144,1
139,155,1
140,133,1
137,163,1
132,168,1
134,179,1
144,220,1
155,184,1
133,182,1
163,211,1
168,227,1
179,208,1
220,234,1
184,247,1
182,261,1
211,269,1
227,253,1
208,284,1
234,297,1
247,297,1
261,309,1
269,277,1
253,315,1
284,334,1
297,344,1
297,352,1
309,381,1
277,381,1
315,404,1
334,417,1
344,396,1
352,408,1
381,413,1
381,411,1
404,397,1
417,418,1
396,412,1
408,406,1
413,404,1
411,406,1
397,433,1
418,427,1
412,459,1
406,450,1
404,455,1
406,477,1
433,507,1
427,533,1
459,540,1
450,551,1
455,552,1
477,552,1
507,536,1
533,580,1
540,601,1
551,647,1
552,681,1
552,567,1
536,563,1
580,543,1
601,530,1
647,562,1
681,568,1
567,578,1
563,597,1
543,588,1
530,569,1
562,626,1
568,633,1
578,658,1
597,655,1
588,669,1
569,665,1
626,675,1
633,690,1
658,699,1
655,729,1
669,701,1
665,651,1
675,751,1
690,745,1
699,754,1
729,753,1
701,767,1
651,771,1
751,804,1
745,798,1
754,770,1
753,788,1
767,800,1
771,784,1
804,887,1
798,869,1
770,834,1
788,823,1
800,838,1
784,844,1
887,825,1
869,858,1
834,856,1
823,811,1
838,851,1
844,895,1
825,915,1
858,912,1
856,923,1
811,930,1
851,973,1
895,927,1
915,947,1
912,923,1
923,955,1
930,946,1
973,933,1
927,970,1
947,961,1
923,918,1
955,960,1
946,967,1
933,951,1
970,972,1
961,964,1
918,971,1
960,968,1
967,966,1
951,974,1
972,935,1
964,961,1
971,1014,1
72,58,1
72,56,1
60,58,1
59,62,1
59,68,1
62,68,1
58,71,0
56,59,1
58,63,1
62,46,1
68,49,1
68,44,1
71,63,0
59,60,1
63,67,1
46,69,1
49,55,0
44,62,0
63,54,1
60,45,0
67,40,1
69,53,1
55,45,0
62,43,1
54,52,0
45,46,1
40,45,0
53,44,0
45,47,0
43,44,1
52,45,1
46,43,0
45,37,0
44,39,1
47,43,1
44,48,0
45,52,1
43,57,1
37,66,0
39,67,1
43,57,0
48,56,1
52,55,1
57,54,1
66,56,1
67,53,1
57,58,1
56,64,1
55,67,1
54,71,1
56,74,1
53,80,1
58,55,1
64,74,1
67,61,1
71,62,1
74,67,1
80,63,1
55,59,1
74,60,1
61,66,1
62,72,1
67,71,1
63,75,1
59,67,1
60,69,1
66,73,1
72,68,1
71,67,1
75,59,1
67,62,0
69,69,0
73,77,0
68,65,1
67,66,0
59,60,1
62,71,0
69,76,0
77,67,0
65,61,1
66,80,0
60,70,0
71,88,1
76,77,1
67,72,1
61,77,0
80,85,0
70,83,0
88,102,1
77,96,0
72,90,0
77,97,1
85,93,1
83,90,0
102,93,0
96,105,1
90,104,1
97,131,0
93,126,1
90,182,0
93,183,1
105,182,1
104,209,1
131,187,1
126,170,1
182,196,1
183,211,1
182,206,1
202,287,1
167,310,1
182,356,1
218,367,1
266,346,1
248,343,1
287,345,1
310,389,1
356,390,1
367,375,1
346,415,1
343,433,1
345,426,1
389,428,1
390,416,1
375,412,1
415,401,1
433,429,1
426,472,1
428,497,1
416,501,1
412,522,1
401,547,1
429,545,1
472,522,1
497,543,1
501,545,1
522,576,1
547,616,1
545,518,1
522,520,1
543,530,1
545,554,1
576,543,1
616,537,1
518,558,1
520,570,1
530,577,1
554,601,1
543,602,1
537,623,1
558,611,1
570,631,1
577,656,1
601,651,1
602,657,1
623,670,1
611,640,1
631,641,1
656,706,1
651,740,1
657,713,1
670,710,1
640,719,1
641,732,1
706,756,1
740,773,1
713,789,1
710,781,1
719,754,1
732,765,1
756,756,1
773,747,1
789,766,1
781,768,1
754,775,1
765,781,1
756,755,1
747,757,1
766,789,1
768,766,1
775,790,1
781,819,1
755,845,1
757,861,1
789,845,1
766,872,1
790,842,1
819,867,1
845,840,1
861,872,1
845,866,1
872,882,1
842,897,1
867,871,1
840,875,1
872,889,1
866,891,1
882,863,1
50,52,1
50,57,0
41,49,1
38,59,0
35,64,0
43,63,0
52,50,0
57,50,0
49,51,0
59,50,1
64,50,0
63,39,0
50,39,0
50,35,0
51,38,0
50,45,0
50,43,0
39,38,0
39,43,1
35,46,1
38,44,0
45,51,1
43,42,0
38,48,1
43,45,0
46,39,0
44,35,1
51,39,1
42,44,1
48,40,1
45,43,1
39,37,0
35,39,0
39,41,0
44,48,0
40,45,1
43,53,0
37,56,0
39,54,1
41,53,1
48,52,1
45,61,1
53,62,1
56,75,1
54,69,1
53,67,1
52,67,1
61,57,1
62,59,1
75,62,1
69,63,1
67,63,1
67,65,1
57,63,1
59,74,1
62,64,1
63,64,0
63,69,1
65,62,0
63,69,1
74,58,1
64,64,1
64,61,1
69,57,1
62,56,1
69,58,0
58,48,0
64,50,0
61,52,1
57,45,1
56,31,0
58,28,0
48,32,0
50,33,0
52,32,0
45,31,0
31,36,0
28,38,0
32,44,0
33,38,0
32,44,0
31,44,0
36,49,0
38,56,0
44,60,1
38,64,1
44,69,0
44,74,0
49,74,0
56,80,0
60,80,0
64,77,1
69,89,1
74,100,1
74,88,1
80,121,1
80,129,1
77,121,1
89,135,1
100,140,1
88,149,1
121,161,1
129,129,1
121,139,1
135,125,1
140,136,1
149,131,1
161,146,1
129,179,1
139,173,1
125,168,1
136,156,1
131,169,1
146,191,1
179,223,1
173,226,1
168,217,1
156,258,1
169,240,1
191,245,1
223,263,1
226,266,1
217,251,1
258,282,1
240,309,1
245,291,1
263,314,1
266,307,1
251,383,1
282,388,1
309,374,1
291,429,1
314,405,1
307,391,1
383,364,1
388,377,1
374,396,1
429,363,1
405,387,1
391,377,1
364,378,1
377,380,1
396,381,1
363,376,1
387,413,1
377,412,1
378,434,1
380,407,1
381,447,1
376,497,1
413,504,1
412,508,1
434,502,1
407,508,1
447,492,1
497,533,1
504,544,1
508,607,1
502,569,1
119,151,1
137,148,1
145,141,0
128,151,1
140,133,1
139,129,0
151,148,1
148,115,0
141,144,0
151,142,0
133,135,1
129,126,0
148,125,1
115,128,1
144,139,0
142,144,1
135,137,1
126,142,0
125,150,0
128,143,1
139,13,0
144,13,0
137,17,0
142,24,0
150,18,0
143,23,0
13,178,0
13,13,0
17,21,0
24,11,0
18,17,0
23,15,0
178,18,0
13,11,0
21,15,1
11,20,1
17,9,0
15,11,0
18,4,0
11,0,0
15,0,0
20,0,0
9,0,0
11,0,0
4,0,0
0,0,0
0,3,0
0,2,0
0,0,0
0,0,0
0,0,0
0,0,0
3,26,0
2,3,0
0,8,0
0,15,0
0,18,0
0,26,0
26,32,0
3,37,0
8,22,0
15,16,0
18,29,0
26,18,0
32,24,0
37,22,0
22,22,0
16,33,0
29,41,0
18,35,0
24,31,0
22,41,1
22,41,0
33,40,1
41,45,1
35,54,0
31,52,1
41,43,0
41,32,1
40,62,1
45,55,0
54,62,0
52,61,1
43,81,0
32,82,1
62,72,1
55,100,1
62,115,0
61,115,0
81,111,1
82,144,0
72,149,1
100,166,1
115,171,1
115,183,1
111,213,1
144,233,1
149,237,1
166,276,1
171,288,1
183,260,1
213,291,1
233,292,1
237,294,1
276,296,1
288,288,1
260,289,1
291,315,1
292,311,1
294,319,1
296,338,1
288,320,1
289,317,1
315,322,1
311,330,1
319,338,1
338,366,1
320,394,1
317,443,1
322,526,1
330,547,1
338,510,1
366,503,1
394,511,1
443,510,1
526,513,1
547,512,1
510,411,1
503,417,1
511,391,1
510,428,1
513,441,1
512,428,1
411,431,1
417,448,1
391,437,1
428,449,1
441,454,1
428,457,1
431,485,1
448,494,1
437,482,1
449,481,1
454,487,1
457,509,1
485,516,1
494,531,1
482,551,1
481,549,1
487,586,1
509,595,1
516,610,1
531,623,1
551,608,1
549,599,1
586,565,1
595,580,1
610,571,1
623,550,1
608,544,1
599,567,1
565,545,1
580,596,1
571,588,1
550,605,1
544,598,1
567,627,1
545,614,1
596,605,1
588,643,1
605,597,1
598,608,1
627,621,1
614,652,1
605,681,1
643,697,1
597,704,1
608,683,1
621,700,1
652,707,1
681,735,1
697,691,1
704,718,1
683,677,1
700,655,1
707,666,1
735,728,1
691,677,1
718,713,1
677,675,1
655,698,1
666,725,1
728,736,1
677,755,1
713,746,1
675,779,1
698,769,1
725,819,1
736,813,1
755,818,1
746,784,1
779,799,1
769,830,1
819,843,1
147,337,1
151,342,1
156,348,1
143,160,1
18,147,0
171,16,0
337,24,0
342,18,0
348,18,1
160,12,0
147,13,0
16,16,0
24,9,0
18,14,0
18,21,0
12,158,0
13,151,0
16,149,0
9,373,0
14,137,0
21,17,0
158,16,0
151,18,0
149,18,0
373,12,0
137,12,0
17,14,0
16,15,0
18,15,0
18,20,0
12,16,0
12,17,0
14,19,0
15,16,0
15,19,0
20,17,0
16,17,1
17,17,0
19,10,0
16,16,0
19,15,0
17,9,0
17,5,0
17,5,0
10,11,0
16,6,0
15,0,0
9,5,0
5,2,0
5,7,0
11,5,0
6,10,0
0,23,0
5,19,0
2,10,0
7,8,0
5,5,0
10,5,0
23,16,0
19,20,0
10,20,0
8,22,0
5,16,0
5,16,0
16,2,0
20,27,0
20,27,0
22,25,0
16,29,0
16,25,0
2,23,0
27,25,0
27,24,0
25,28,0
29,27,0
25,31,0
23,37,0
25,41,0
24,28,0
28,40,0
27,41,1
31,45,0
37,43,0
41,41,0
28,54,0
40,76,0
41,68,0
45,80,0
43,94,0
41,125,0
54,118,0
76,128,1
68,146,0
80,158,1
94,155,1
125,205,1
118,235,1
128,248,1
146,231,1
158,248,1
155,259,1
205,254,1
235,274,1
248,291,1
231,286,1
248,279,1
259,291,1
254,305,1
274,288,1
291,291,1
286,312,1
279,326,1
291,333,1
305,348,1
288,396,1
291,378,1
312,429,1
326,439,1
333,395,1
348,455,1
396,489,1
378,402,1
429,431,1
439,431,1
395,437,1
455,454,1
489,465,1
402,470,1
431,508,1
431,483,1
437,525,1
454,515,1
465,546,1
470,574,1
508,600,1
483,584,1
525,594,1
515,573,1
546,568,1
574,582,1
600,580,1
584,604,1
594,619,1
573,614,1
568,640,1
582,623,1
580,655,1
604,700,1
619,692,1
614,716,1
640,731,1
623,684,1
655,738,1
700,699,1
692,690,1
716,685,1
731,732,1
684,714,1
738,702,1
699,763,1
690,786,1
685,764,1
732,761,1
714,807,1
702,773,1
763,766,1
786,743,1
764,773,1
761,766,1
807,786,1
773,779,1
766,753,1
743,801,1
773,783,1
21,26,0
26,29,0
26,26,0
23,34,0
20,37,0
18,37,0
26,38,1
29,39,1
26,38,1
34,44,1
37,34,1
37,41,0
38,52,1
39,54,1
38,36,1
44,48,1
34,44,1
41,45,1
52,44,1
54,44,1
36,45,1
48,35,1
44,56,1
45,55,1
44,58,1
44,53,1
45,37,0
35,56,1
56,66,1
55,56,1
58,69,1
53,60,1
37,70,0
56,70,1
66,68,1
56,60,1
69,59,1
60,73,1
70,90,1
70,97,1
68,100,1
60,132,0
59,156,1
73,160,1
90,197,1
97,208,1
100,247,1
132,276,1
156,295,1
160,264,1
197,287,1
208,278,1
247,286,1
276,274,1
295,279,1
264,289,1
287,290,1
278,292,1
286,300,1
274,281,1
279,295,1
289,288,1
290,281,1
292,306,1
300,316,1
281,367,1
295,382,1
288,397,1
281,430,1
306,435,1
316,460,1
367,499,1
382,490,1
397,469,1
430,461,1
435,484,1
460,506,1
499,494,1
490,533,1
469,439,1
461,482,1
484,512,1
506,501,1
494,530,1
533,510,1
439,557,1
482,567,1
512,576,1
501,635,1
530,674,1
510,681,1
557,674,1
567,676,1
576,675,1
635,696,1
674,692,1
681,712,1
674,715,1
676,733,1
675,748,1
696,763,1
692,752,1
712,728,1
715,734,1
733,760,1
748,792,1
763,825,1
752,831,1
728,813,1
734,801,1
760,812,1
792,801,1
825,860,1
831,841,1
813,854,1
801,900,1
812,886,1
801,928,1
860,953,1
841,998,1
854,974,1
900,962,1
886,935,1
928,923,1
953,935,1
998,949,1
974,938,1
962,948,1
935,958,1
923,969,1
935,954,1
949,938,1
938,941,1
948,938,1
958,957,1
969,940,1
954,964,1
938,969,1
15,18,0
16,23,0
24,19,0
21,22,0
19,23,0
20,20,0
18,15,0
23,23,0
19,26,0
22,21,0
23,19,0
20,16,0
15,21,0
23,20,0
26,22,1
21,24,0
19,21,1
16,18,0
21,13,0
20,26,0
22,27,1
24,25,0
21,24,0
18,25,0
13,28,0
26,20,0
27,20,1
25,29,1
24,25,0
25,23,0
28,24,0
20,32,1
20,22,0
29,18,0
25,20,0
23,25,1
24,21,0
32,25,0
22,24,0
18,27,0
20,28,0
25,36,0
21,40,0
25,38,1
24,43,0
27,46,0
28,49,1
36,47,0
40,47,0
38,51,1
43,50,1
46,45,1
49,46,0
47,45,1
47,34,1
51,31,1
50,28,0
45,33,1
46,40,0
45,44,0
34,26,0
31,30,0
28,30,0
33,33,0
40,41,0
44,39,0
26,48,0
30,38,0
30,42,0
33,48,0
41,38,0
39,37,0
48,38,0
38,39,0
42,44,0
48,46,0
38,61,0
37,67,0
38,73,0
39,67,0
44,74,0
46,79,0
61,62,0
67,91,1
73,77,1
67,114,0
74,146,0
79,132,0
62,154,0
91,191,1
77,179,1
114,209,1
146,217,1
132,234,1
154,202,1
191,229,1
179,262,1
209,290,1
217,241,1
234,265,1
202,256,1
229,287,1
262,267,1
290,299,1
241,291,1
265,310,1
256,327,1
287,356,1
267,354,1
299,360,1
291,374,1
310,378,1
327,399,1
356,436,1
354,401,1
360,448,1
374,451,1
378,505,1
399,478,1
436,482,1
401,492,1
448,538,1
451,539,1
505,534,1
478,502,1
482,553,1
492,565,1
538,457,1
539,476,1
534,505,1
502,496,1
553,504,1
565,519,1
457,550,1
476,542,1
505,559,1
496,623,1
504,568,1
519,617,1
550,593,1
542,624,1
559,650,1
623,671,1
568,705,1
617,634,1
593,638,1
624,663,1
650,673,1
671,671,1
705,674,1
634,693,1
638,683,1
663,685,1
673,676,1
671,643,1
674,658,1
693,647,1
683,698,1
685,680,1
676,706,1
643,694,1
658,676,1
647,704,1
698,724,1
680,728,1
706,746,1
694,772,1
676,758,1
704,779,1
724,747,1
728,732,1
746,769,1
772,791,1
758,765,1
779,762,1
747,782,1
732,787,1
769,759,1
791,756,1
765,767,1
762,788,1
782,796,1
787,822,1
759,818,1
756,822,1
767,836,1
788,865,1
796,845,1
822,872,1
818,831,1
822,866,1
836,837,1
865,884,1
845,926,1
872,897,1
831,954,1
866,925,1
837,939,1
884,970,1
926,943,1
897,947,1
954,971,1
925,969,1
939,967,1
115,106,1
98,151,1
109,96,1
114,111,1
103,139,1
117,115,1
106,124,1
151,161,1
96,126,1
111,131,1
139,142,1
115,125,1
124,117,1
161,29,1
126,33,1
131,49,1
142,135,1
125,147,1
117,156,1
29,142,1
33,154,1
49,140,1
135,144,1
147,183,1
156,169,1
142,170,1
154,182,1
140,180,1
144,185,1
183,185,1
169,185,1
170,164,1
182,179,1
180,196,1
185,188,1
185,184,1
185,182,1
164,195,1
179,167,1
196,175,1
188,156,1
184,199,1
182,205,1
195,191,1
167,188,1
175,209,1
156,201,1
199,204,1
205,215,1
191,208,1
188,203,1
209,221,1
201,228,1
204,221,1
215,249,1
208,225,1
203,240,1
221,210,1
228,217,1
221,228,1
249,215,1
225,227,1
240,229,1
210,238,1
217,263,1
228,250,1
215,243,1
227,275,1
229,288,1
238,262,1
263,297,1
250,289,1
243,307,1
275,311,1
288,297,1
262,330,1
297,280,1
289,301,1
307,311,1
311,384,1
297,381,1
330,402,1
280,385,1
301,381,1
311,351,1
384,355,1
381,352,1
402,350,1
385,339,1
381,381,1
351,402,1
355,352,1
352,351,1
350,372,1
339,363,1
381,390,1
402,380,1
352,390,1
351,455,1
372,435,1
363,449,1
390,493,1
380,494,1
390,499,1
455,508,1
435,515,1
449,464,1
493,494,1
494,491,1
499,517,1
508,573,1
515,551,1
464,554,1
494,558,1
491,569,1
517,582,1
573,580,1
551,563,1
554,632,1
558,632,1
569,607,1
582,633,1
580,595,1
563,615,1
632,618,1
632,644,1
607,583,1
633,586,1
595,604,1
615,613,1
618,627,1
644,669,1
583,669,1
586,687,1
604,740,1
613,736,1
627,758,1
669,793,1
669,780,1
687,796,1
740,778,1
736,763,1
758,767,1
793,799,1
780,794,1
796,743,1
778,763,1
763,764,1
767,711,1
799,699,1
794,724,1
743,706,1
763,731,1
764,731,1
711,744,1
699,755,1
724,770,1
706,764,1
731,752,1
731,766,1
744,784,1
755,793,1
770,803,1
764,821,1
752,814,1
766,807,1
784,841,1
793,908,1
803,851,1
821,866,1
814,876,1
807,888,1
841,893,1
908,902,1
851,884,1
866,890,1
876,924,1
888,896,1
893,915,1
902,901,1
884,911,1
890,928,1
924,949,1
896,897,1
915,929,1
901,929,1
911,951,1
928,876,1
949,905,1
897,888,1
929,886,1
929,928,1
951,919,1
876,955,1
905,920,1
888,895,1
886,921,1
928,894,1
919,982,1
955,931,1
920,964,1
895,970,1
921,941,1
894,962,1
0,0,0
0,0,0
0,0,0
0,0,0
0,0,0
0,0,0
0,0,0
0,0,0
0,0,0
0,0,0
0,0,0
0,0,0
0,0,0
0,0,0
0,0,0
0,0,0
0,0,0
0,0,0
0,0,0
0,0,0
0,0,0
0,0,0
0,0,0
0,0,0
0,0,0
0,0,0
0,0,0
0,0,0
0,0,0
0,0,0
83,137,1
118,133,1
94,151,1
124,133,1
146,129,1
119,98,1
137,125,1
133,131,1
151,97,1
133,90,1
129,108,1
98,92,1
125,101,1
131,131,1
97,137,1
90,114,1
108,130,1
92,106,1
101,125,1
131,96,1
137,144,1
114,180,1
130,94,1
106,108,1
125,106,1
96,137,1
144,113,1
180,112,1
94,131,1
108,114,1
106,148,1
137,147,1
113,133,1
112,148,1
131,126,1
114,133,1
148,166,1
147,129,1
133,154,1
148,131,1
126,125,1
133,132,1
166,121,1
129,128,1
154,133,1
131,144,1
125,149,1
132,155,1
121,140,1
128,139,1
133,137,1
144,150,1
149,151,1
155,135,1
140,136,1
139,141,1
137,150,1
150,162,1
151,144,1
135,161,1
136,190,1
141,181,1
150,176,1
162,171,1
144,165,1
161,186,1
190,167,1
181,165,1
176,174,1
171,169,1
165,185,1
186,180,1
167,182,1
165,187,1
174,200,1
169,199,1
185,204,1
180,191,1
182,219,1
187,212,1
200,223,1
199,221,1
204,200,1
191,202,1
219,216,1
212,214,1
223,232,1
221,226,1
200,229,1
202,233,1
216,234,1
214,243,1
232,250,1
226,247,1
229,249,1
233,237,1
234,263,1
243,287,1
250,278,1
247,280,1
249,250,1
237,234,1
263,263,1
287,259,1
278,269,1
280,274,1
250,268,1
234,283,1
263,291,1
259,339,1
269,358,1
274,349,1
268,324,1
283,322,1
291,334,1
339,343,1
358,366,1
349,363,1
324,404,1
322,413,1
334,361,1
343,379,1
366,408,1
363,458,1
404,446,1
413,414,1
361,483,1
379,427,1
408,425,1
458,469,1
446,518,1
414,495,1
483,461,1
427,516,1
425,517,1
469,534,1
518,509,1
495,589,1
461,586,1
516,628,1
517,617,1
534,576,1
509,617,1
589,670,1
586,686,1
628,709,1
617,681,1
576,682,1
617,689,1
670,727,1
686,786,1
709,726,1
681,730,1
682,713,1
689,764,1
727,800,1
786,831,1
726,840,1
730,909,1
713,931,1
764,961,1
800,969,1
831,1005,1
840,989,1
909,972,1
931,901,1
961,989,1
969,991,1
1005,985,1
989,1039,1
972,1000,1
901,991,1
989,1018,1
991,1024,1
985,946,1
1039,982,1
1000,979,1
991,1073,1
1018,935,1
1024,1013,1
946,987,1
982,1011,1
979,986,1
1073,1054,1
935,1036,1
1013,1073,1
987,1055,1
1011,1061,1
986,1082,1
1054,1069,1
1036,1057,1
1073,1122,1
1055,1093,1
1061,1115,1
1082,1111,1
1069,1143,1
1057,1131,1
1122,1105,1
1093,1134,1
1115,1034,1
1111,1022,1
1143,1036,1
1131,1077,1
1105,1118,1
0,0,0
0,0,0
0,0,0
0,0,0
0,0,0
0,0,0
0,0,0
0,0,0
0,0,0
0,0,0
0,0,0
0,0,0
0,0,0
0,0,0
0,0,0
0,0,0
0,0,0
0,0,0
0,0,0
0,0,0
0,0,0
0,0,0
0,0,0
0,0,0
0,0,0
0,0,0
0,0,0
0,0,0
0,0,0
0,0,0
0,0,0
0,0,0
0,0,0
0,0,0
0,0,0
0,0,0
0,0,0
0,0,0
0,0,0
0,0,0
0,0,0
0,0,0
0,0,0
0,0,0
0,0,0
0,0,0
0,0,0
0,0,0
0,0,0
0,0,0
0,0,0
0,0,0
0,0,0
0,0,0
0,0,0
0,0,0
0,0,0
0,0,0
0,0,0
0,0,0
0,0,0
0,0,0
0,0,0
0,0,0
0,0,0
0,0,0
0,0,0
0,0,0
0,0,0
0,0,0
0,0,0
0,0,0
0,0,0
0,0,0
171,168,1
165,179,1
163,176,1
166,179,1
148,161,1
173,180,1
168,199,1
179,186,1
176,182,1
179,195,1
161,199,1
180,191,1
199,187,1
186,203,1
182,193,1
195,191,1
199,178,1
191,190,1
187,206,1
203,218,1
193,217,1
191,199,1
178,215,1
190,178,1
206,193,1
218,213,1
217,183,1
199,186,1
215,200,1
178,221,1
193,233,1
213,225,1
183,238,1
186,237,1
200,229,1
221,251,1
233,238,1
225,243,1
238,254,1
237,241,1
229,256,1
251,254,1
238,237,1
243,237,1
254,241,1
241,234,1
256,245,1
254,245,1
237,246,1
237,245,1
241,242,1
234,240,1
245,258,1
245,227,1
246,241,1
245,215,1
242,217,1
240,239,1
258,223,1
227,254,1
241,207,1
215,234,1
217,269,1
239,222,1
223,220,1
254,249,1
207,239,1
234,260,1
269,273,1
222,225,1
220,207,1
249,216,1
239,224,1
260,214,1
273,205,1
225,194,1
207,214,1
216,218,1
224,186,1
214,209,1
205,235,1
194,258,1
214,208,1
218,238,1
186,248,1
209,236,1
235,245,1
258,267,1
208,289,1
238,308,1
248,311,1
236,315,1
245,299,1
267,306,1
289,319,1
308,263,1
311,291,1
315,257,1
299,293,1
306,299,1
319,327,1
263,323,1
291,340,1
257,348,1
293,346,1
299,368,1
327,318,1
323,369,1
340,375,1
348,358,1
346,390,1
368,411,1
318,404,1
369,422,1
375,415,1
358,427,1
390,399,1
411,462,1
404,430,1
422,412,1
415,434,1
427,461,1
399,466,1
462,468,1
430,516,1
412,517,1
434,508,1
461,595,1
466,525,1
468,481,1
516,510,1
517,473,1
508,407,1
595,483,1
525,524,1
481,516,1
510,541,1
473,550,1
407,524,1
483,550,1
524,570,1
516,562,1
541,609,1
550,629,1
524,612,1
550,590,1
570,584,1
562,632,1
609,647,1
629,593,1
612,631,1
590,651,1
584,641,1
632,673,1
647,638,1
593,676,1
631,749,1
651,695,1
641,721,1
673,703,1
638,808,1
676,810,1
749,815,1
695,790,1
721,813,1
703,796,1
808,866,1
810,817,1
815,830,1
790,762,1
813,709,1
796,773,1
866,759,1
817,719,1
830,731,1
762,751,1
709,782,1
773,831,1
759,883,1
719,843,1
731,864,1
751,807,1
782,836,1
831,868,1
883,926,1
843,965,1
864,941,1
807,949,1
836,934,1
868,941,1
926,915,1
965,939,1
941,922,1
949,953,1
934,914,1
941,927,1
915,904,1
939,908,1
922,928,1
953,942,1
914,924,1
927,912,1
904,987,1
908,981,1
0,0,0
0,0,0
0,0,0
0,0,0
0,0,0
0,0,0
0,0,0
0,0,0
0,0,0
0,0,0
0,0,0
0,0,0
0,0,0
0,0,0
0,0,0
0,0,0
0,0,0
0,0,0
0,0,0
0,0,0
0,0,0
0,0,0
0,0,0
0,0,0
0,0,0
0,0,0
0,0,0
0,0,0
0,0,0
0,0,0
0,0,0
0,0,0
0,0,0
0,0,0
0,0,0
0,0,0
0,0,0
0,0,0
0,0,0
0,0,0
0,0,0
0,0,0
0,0,0
0,0,0
0,0,0
0,0,0
0,0,0
0,0,0
0,0,0
0,0,0
0,0,0
0,0,0
255,263,1
285,295,1
292,270,1
286,248,1
268,296,1
239,294,1
263,293,1
295,279,1
270,285,1
248,309,1
296,327,1
294,330,1
293,302,1
279,315,1
285,314,1
309,308,1
327,337,1
330,313,1
302,318,1
315,316,1
314,334,1
308,319,1
337,339,1
313,339,1
318,324,1
316,321,1
334,354,1
319,334,1
339,312,1
339,361,1
324,328,1
321,324,1
354,332,1
334,348,1
312,352,1
361,370,1
328,289,1
324,375,1
332,365,1
348,340,1
352,346,1
370,348,1
289,342,1
375,297,1
365,307,1
340,310,1
346,341,1
348,319,1
342,318,1
297,324,1
307,328,1
310,348,1
341,297,1
319,333,1
318,316,1
324,333,1
328,297,1
348,306,1
297,330,1
333,352,1
316,392,1
333,410,1
297,403,1
306,410,1
330,356,1
352,315,1
392,376,1
410,396,1
403,419,1
410,414,1
356,389,1
315,392,1
376,392,1
396,419,1
419,371,1
414,377,1
389,379,1
392,398,1
392,428,1
419,362,1
371,378,1
377,379,1
379,418,1
398,433,1
428,421,1
362,513,1
378,509,1
379,532,1
418,516,1
433,556,1
421,491,1
513,572,1
509,546,1
532,550,1
516,616,1
556,580,1
491,631,1
572,601,1
546,593,1
550,538,1
616,589,1
580,600,1
631,565,1
601,564,1
593,544,1
538,552,1
589,571,1
600,588,1
565,643,1
564,620,1
544,651,1
552,707,1
571,756,1
588,738,1
643,777,1
620,784,1
651,775,1
707,743,1
756,772,1
738,806,1
777,876,1
784,879,1
775,853,1
743,863,1
772,948,1
806,953,1
876,851,1
879,961,1
853,1001,1
0,0,0
0,0,0
0,0,0
0,0,0
0,0,0
0,0,0
0,0,0
0,0,0
0,0,0
0,0,0
0,0,0
0,0,0
0,0,0
0,0,0
0,0,0
0,0,0
0,0,0
0,0,0
0,0,0
0,0,0
0,0,0
0,0,0
0,0,0
0,0,0
0,0,0
0,0,0
0,0,0
0,0,0
0,0,0
0,0,0
0,0,0
0,0,0
0,0,0
0,0,0
0,0,0
0,0,0
0,0,0
0,0,0
0,0,0
0,0,0
0,0,0
0,0,0
0,0,0
0,0,0
0,0,0
0,0,0
0,0,0
0,0,0
0,0,0
0,0,0
0,0,0
0,0,0
0,0,0
0,0,0
0,0,0
0,0,0
0,0,0
0,0,0
0,0,0
0,0,0
0,0,0
0,0,0
0,0,0
0,0,0
0,0,0
0,0,0
0,0,0
0,0,0
0,0,0
0,0,0
0,0,0
0,0,0
0,0,0
0,0,0
228,221,1
257,199,1
256,210,1
243,224,1
206,246,1
227,226,1
221,224,1
199,238,1
210,234,1
224,203,1
246,199,1
226,203,1
224,212,1
238,207,1
234,193,1
203,204,1
199,208,1
203,217,1
212,233,1
207,209,1
193,216,1
204,220,1
208,237,1
217,231,1
233,239,1
209,238,1
216,245,1
220,204,1
237,226,1
231,205,1
239,209,1
238,236,1
245,244,1
204,231,1
226,257,1
205,240,1
209,240,1
236,268,1
244,282,1
231,312,1
257,337,1
240,346,1
240,321,1
268,254,1
282,285,1
312,257,1
337,284,1
346,294,1
321,302,1
254,291,1
285,313,1
257,314,1
284,336,1
294,330,1
302,280,1
291,319,1
313,262,1
314,275,1
336,302,1
330,368,1
280,326,1
319,354,1
262,391,1
275,402,1
302,409,1
368,423,1
326,378,1
354,433,1
391,458,1
402,471,1
409,465,1
423,454,1
378,459,1
433,430,1
458,406,1
471,415,1
465,419,1
454,470,1
459,433,1
430,409,1
406,480,1
415,509,1
419,543,1
470,577,1
433,657,1
409,632,1
480,633,1
509,567,1
543,554,1
577,613,1
657,610,1
632,626,1
633,634,1
567,650,1
554,663,1
613,662,1
610,695,1
626,781,1
634,765,1
650,791,1
663,686,1
662,664,1
695,622,1
781,653,1
765,672,1
791,675,1
686,792,1
664,819,1
622,881,1
653,815,1
672,868,1
675,867,1
792,870,1
819,865,1
881,812,1
815,845,1
868,847,1
867,823,1
870,780,1
865,799,1
812,803,1
845,815,1
847,783,1
823,796,1
780,781,1
799,827,1
803,846,1
815,872,1
783,880,1
796,886,1
781,860,1
827,860,1
846,895,1
872,954,1
880,968,1
886,902,1
860,904,1
860,961,1
895,901,1
954,911,1
968,902,1
902,889,1
904,873,1
961,874,1
206,190,1
210,207,1
213,231,1
217,234,1
196,234,1
222,232,1
190,208,1
207,231,1
231,217,1
234,241,1
234,259,1
232,251,1
208,252,1
231,236,1
217,234,1
241,222,1
259,220,1
251,237,1
252,230,1
236,224,1
234,238,1
222,230,1
220,229,1
237,246,1
230,296,1
224,281,1
238,313,1
230,346,1
229,316,1
246,274,1
296,270,1
281,232,1
313,278,1
346,283,1
316,317,1
274,349,1
270,324,1
232,298,1
278,341,1
283,321,1
317,321,1
349,324,1
324,268,1
298,345,1
341,380,1
321,397,1
321,385,1
324,409,1
268,398,1
345,419,1
380,492,1
397,464,1
385,393,1
409,457,1
398,451,1
419,468,1
492,487,1
464,505,1
393,470,1
457,516,1
451,442,1
468,453,1
487,481,1
505,481,1
470,441,1
516,442,1
442,459,1
453,459,1
481,480,1
481,469,1
441,498,1
442,582,1
459,560,1
459,628,1
480,515,1
469,627,1
498,622,1
582,680,1
560,718,1
628,760,1
515,716,1
627,723,1
622,729,1
680,763,1
718,694,1
760,715,1
716,717,1
723,746,1
729,694,1
763,701,1
694,608,1
715,674,1
717,646,1
746,735,1
694,706,1
701,796,1
608,856,1
674,878,1
646,881,1
735,872,1
706,801,1
796,881,1
856,804,1
878,909,1
881,947,1
872,946,1
801,923,1
881,921,1
804,916,1
909,968,1
947,961,1
946,901,1
923,977,1
921,979,1
916,943,1
968,963,1
961,981,1
901,959,1
977,899,1
979,883,1
943,886,1
963,953,1
981,943,1
959,921,1
899,977,1
883,983,1
886,975,1
953,970,1
943,967,1
263,263,1
250,254,1
240,238,1
237,243,1
259,243,1
258,242,1
263,260,1
254,277,1
238,260,1
243,294,1
243,291,1
242,289,1
260,285,1
277,288,1
260,270,1
294,270,1
291,289,1
289,295,1
285,317,1
288,292,1
270,294,1
270,307,0
289,285,1
295,267,1
317,295,1
292,305,1
294,300,1
307,308,1
285,312,1
267,335,1
295,288,1
305,321,1
300,322,1
308,321,1
312,310,1
335,325,1
288,310,1
321,297,1
322,308,1
321,329,1
310,339,0
325,322,1
310,336,1
297,377,1
308,377,1
329,368,1
339,329,1
322,294,1
336,283,1
377,335,1
377,341,1
368,354,1
329,376,1
294,379,1
283,358,1
335,390,1
341,396,1
354,397,1
376,392,1
379,379,1
358,427,1
390,359,1
396,360,1
397,380,1
392,408,1
379,502,1
427,442,1
359,424,1
360,532,1
380,468,1
408,482,1
502,514,1
442,533,1
424,462,1
532,505,1
468,476,1
482,507,1
514,535,1
533,531,1
462,560,1
505,570,1
476,592,1
507,637,1
535,693,1
531,680,1
560,600,1
570,666,1
592,561,1
637,633,1
693,642,1
680,743,1
600,753,1
666,818,1
561,769,1
633,829,1
642,904,1
743,839,1
753,918,1
818,811,1
769,758,1
829,685,1
904,707,1
839,796,1
918,782,1
811,784,1
758,882,1
685,914,1
707,865,1
796,937,1
782,1013,1
784,953,1
882,963,1
914,976,1
865,959,1
0,0,0
0,0,0
0,0,0
0,0,0
0,0,0
0,0,0
0,0,0
0,0,0
0,0,0
0,0,0
0,0,0
0,0,0
0,0,0
0,0,0
0,0,0
0,0,0
0,0,0
0,0,0
0,0,0
0,0,0
0,0,0
0,0,0
0,0,0
0,0,0
0,0,0
0,0,0
0,0,0
0,0,0
0,0,0
0,0,0
0,0,0
0,0,0
0,0,0
0,0,0
0,0,0
0,0,0
0,0,0
0,0,0
0,0,0
0,0,0
0,0,0
0,0,0
0,0,0
0,0,0
0,0,0
0,0,0
0,0,0
0,0,0
0,0,0
211,240,1
218,240,1
205,234,1
217,226,1
229,226,1
223,228,1
240,230,1
240,235,1
234,242,1
226,241,1
226,223,1
228,222,1
230,209,1
235,245,1
242,249,1
241,252,1
223,245,1
222,235,1
209,225,1
245,243,1
249,261,1
252,255,1
245,246,1
235,261,1
225,264,1
243,265,1
261,275,1
255,264,1
246,280,1
261,277,1
264,291,1
265,254,1
275,264,1
264,257,1
280,292,1
277,276,1
291,285,1
254,288,1
264,292,1
257,288,1
292,295,1
276,324,1
285,324,1
288,311,1
292,300,1
288,338,1
295,352,1
324,369,1
324,365,1
311,350,1
300,378,1
338,333,1
352,285,1
369,329,1
365,339,1
350,363,1
378,366,1
333,341,1
285,368,1
329,346,1
339,363,1
363,345,1
366,385,1
341,414,1
368,404,1
346,431,1
363,456,1
345,407,1
385,441,1
414,466,1
404,388,1
431,436,1
456,476,1
407,473,1
441,480,1
466,491,1
388,484,1
436,408,1
476,429,1
473,448,1
480,460,1
491,461,1
484,479,1
408,445,1
429,458,1
448,482,1
460,446,1
461,546,1
479,567,1
445,575,1
458,561,1
482,599,1
446,610,1
546,665,1
567,661,1
575,651,1
561,700,1
599,668,1
610,757,1
665,679,1
661,693,1
651,689,1
700,710,1
668,734,1
757,698,1
679,713,1
693,693,1
689,797,1
710,712,1
734,798,1
698,778,1
713,864,1
693,835,1
797,821,1
712,880,1
798,886,1
778,876,1
864,879,1
835,902,1
821,829,1
880,898,1
886,930,1
876,949,1
879,994,1
902,1008,1
829,977,1
898,983,1
930,1018,1
949,1026,1
994,952,1
1008,1002,1
977,977,1
983,992,1
1018,975,1
1026,1009,1
952,928,1
1002,922,1
977,972,1
992,1026,1
975,1013,1
1009,1011,1
928,1000,1
922,958,1
972,1034,1
1026,1070,1
1013,1034,1
1011,1025,1
1000,1039,1
958,1065,1
1034,1096,1
1070,1100,1
1034,1172,1
1025,1095,1
1039,1144,1
1065,1139,1
1096,1083,1
1100,1146,1
1172,1105,1
1095,1083,1
1144,1157,1
1139,1116,1
1083,1197,1
1146,1155,1
1105,1182,1
1083,1176,1
1157,1114,1
1116,1223,1
1197,1217,1
1155,1189,1
1182,1178,1
1176,1133,1
1114,1063,1
1223,1124,1
1217,1143,1
128,132,1
154,151,1
142,146,1
151,150,1
121,148,1
141,171,1
132,151,1
151,173,1
146,154,1
150,161,1
148,170,1
171,172,1
151,164,1
173,157,1
154,155,1
161,170,1
170,158,1
172,161,1
164,161,1
157,158,1
155,169,1
170,164,1
158,174,1
161,182,1
161,163,1
158,154,1
169,173,1
164,163,1
174,180,1
182,160,1
163,153,1
154,180,1
173,165,1
163,185,1
180,166,1
160,175,1
153,175,1
180,180,1
165,182,1
185,178,1
166,176,1
175,190,1
175,190,1
180,165,1
182,193,1
178,204,1
176,195,1
190,181,1
190,205,1
165,197,1
193,189,1
204,210,1
195,215,1
181,220,1
205,215,1
197,215,1
189,218,1
210,197,1
215,249,1
220,256,1
215,188,1
215,211,1
218,209,1
197,198,1
249,232,1
256,254,1
188,274,1
211,260,1
209,271,1
198,241,1
232,221,1
254,275,1
274,275,1
260,252,1
271,287,1
241,284,1
221,319,1
275,281,1
275,341,1
252,337,1
287,375,1
284,362,1
319,353,1
281,356,1
341,335,1
337,367,1
375,378,1
362,377,1
353,347,1
356,405,1
335,451,1
367,467,1
378,522,1
377,478,1
347,475,1
405,507,1
451,514,1
467,523,1
522,540,1
478,586,1
475,596,1
507,609,1
514,657,1
523,621,1
540,598,1
586,539,1
596,480,1
609,503,1
657,637,1
621,680,1
598,741,1
539,727,1
480,778,1
503,778,1
637,740,1
680,776,1
741,766,1
727,779,1
778,758,1
778,788,1
740,810,1
776,819,1
766,798,1
779,766,1
758,801,1
788,823,1
810,861,1
819,834,1
798,835,1
766,816,1
801,839,1
823,884,1
861,893,1
834,890,1
835,951,1
816,929,1
839,957,1
884,970,1
893,950,1
890,904,1
951,981,1
929,947,1
957,933,1
970,897,1
950,884,1
904,901,1
981,903,1
947,917,1
933,967,1
897,977,1
884,901,1
901,982,1
903,984,1
917,923,1
967,888,1
977,946,1
901,883,1
982,856,1
984,891,1
923,890,1
888,905,1
946,892,1
883,923,1
856,927,1
891,928,1
890,914,1
905,940,1
892,965,1
923,878,1
927,951,1
928,912,1
914,933,1
940,974,1
965,944,1
878,921,1
951,920,1
912,971,1
933,971,1
974,936,1
944,967,1
921,920,1
920,966,1
971,906,1
971,891,1
936,888,1
967,948,1
920,946,1
966,934,1
906,930,1
891,878,1
888,907,1
948,906,1
946,928,1
934,922,1
930,961,1
878,903,1
907,939,1
906,936,1
928,943,1
922,982,1
961,900,1
903,901,1
939,955,1
936,956,1
0,0,0
0,0,0
0,0,0
0,0,0
0,0,0
0,0,0
0,0,0
0,0,0
0,0,0
0,0,0
0,0,0
0,0,0
0,0,0
0,0,0
0,0,0
0,0,0
0,0,0
0,0,0
0,0,0
0,0,0
0,0,0
0,0,0
0,0,0
0,0,0
0,0,0
0,0,0
0,0,0
0,0,0
0,0,0
0,0,0
0,0,0
0,0,0
0,0,0
0,0,0
0,1,0
0,0,0
0,0,0
0,2,0
0,5,0
0,0,0
0,0,0
0,0,0
0,0,0
0,0,0
0,0,0
0,0,0
0,0,0
0,0,0
0,0,0
0,0,0
0,0,0
0,0,0
0,0,0
0,0,0
0,0,0
0,0,0
0,0,0
0,0,0
0,0,0
0,0,0
0,0,0
0,0,0
0,0,0
0,0,0
0,0,0
0,0,0
150,154,1
164,172,1
173,170,1
175,164,1
167,175,1
150,171,1
154,172,1
172,175,1
170,178,1
164,169,1
175,186,1
171,170,1
172,179,1
175,179,1
178,195,1
169,195,1
186,174,1
170,175,1
179,178,1
179,187,1
195,181,1
195,176,1
174,195,1
175,194,1
178,189,1
187,183,1
181,189,1
176,190,1
195,193,1
194,224,1
189,210,1
183,216,1
189,236,1
190,225,1
193,223,1
224,245,1
210,247,1
216,263,1
236,267,1
225,266,1
223,270,1
245,236,1
247,216,1
263,273,1
267,219,1
266,263,1
270,201,1
236,274,1
216,272,1
273,287,1
219,296,1
263,298,1
201,350,1
274,363,1
272,351,1
287,352,1
296,362,1
298,317,1
350,323,1
363,317,1
351,322,1
352,372,1
362,373,1
317,427,1
323,448,1
317,470,1
322,480,1
372,475,1
373,499,1
427,460,1
448,522,1
470,568,1
480,525,1
475,633,1
499,653,1
460,585,1
522,629,1
568,664,1
525,581,1
633,584,1
653,689,1
585,660,1
629,673,1
664,656,1
581,716,1
584,650,1
689,655,1
660,633,1
673,698,1
656,659,1
716,656,1
650,688,1
655,703,1
633,677,1
698,696,1
171,157,1
183,173,1
179,172,1
164,183,1
157,175,1
153,177,1
157,155,1
173,145,1
172,187,1
183,183,1
175,176,1
177,166,1
155,171,1
145,181,1
187,168,1
183,166,1
176,167,1
166,186,1
171,202,1
181,191,1
168,183,1
166,196,1
167,195,1
186,207,1
202,198,1
191,204,1
183,208,1
196,185,1
195,224,1
207,225,1
198,236,1
204,240,1
208,236,1
185,222,1
224,219,1
225,238,1
236,230,1
240,223,1
236,238,1
222,249,1
219,247,1
238,259,0
230,259,1
223,242,1
238,235,1
249,246,1
247,261,1
259,251,1
259,271,1
242,280,1
235,261,1
246,280,1
261,313,1
251,287,1
271,281,1
280,288,1
261,306,1
280,315,1
313,332,1
287,363,1
281,367,1
288,371,1
306,379,1
315,408,1
332,374,1
363,371,1
367,388,1
371,403,1
379,401,1
408,433,1
374,422,1
371,392,1
388,359,1
403,370,1
401,391,1
433,399,1
422,385,1
392,396,1
359,415,1
370,472,1
391,483,1
399,483,1
385,477,1
396,514,1
415,519,1
472,567,1
483,585,1
483,608,1
477,624,1
514,615,1
519,623,1
567,639,1
585,587,1
608,639,1
624,731,1
615,668,1
623,742,1
639,761,1
587,795,1
639,786,1
731,781,1
668,776,1
742,818,1
761,817,1
795,793,1
786,819,1
781,797,1
776,808,1
818,807,1
817,747,1
793,831,1
819,861,1
797,867,1
808,900,1
807,870,1
747,849,1
831,872,1
861,883,1
867,935,1
900,969,1
870,961,1
849,942,1
872,975,1
883,991,1
935,928,1
969,941,1
961,938,1
942,906,1
975,920,1
991,931,1
928,877,1
941,930,1
938,978,1
906,939,1
920,953,1
931,949,1
877,908,1
930,893,1
978,966,1
939,886,1
953,890,1
949,921,1
908,947,1
893,956,1
966,916,1
886,936,1
890,962,1
921,949,1
947,958,1
956,957,1
916,927,1
936,943,1
962,953,1
949,941,1
958,979,1
957,954,1
927,933,1
943,993,1
953,973,1
941,971,1
979,980,1
954,966,1
933,973,1
993,964,1
973,964,1
971,988,1
980,995,1
966,987,1
973,1010,1
964,1006,1
964,1009,1
988,985,1
995,980,1
987,990,1
0,0,0
0,0,0
0,0,0
0,0,0
0,0,0
0,0,0
0,0,0
0,0,0
0,0,0
0,0,0
0,0,0
0,0,0
0,0,0
0,0,0
0,0,0
0,0,0
0,0,0
0,0,0
0,0,0
0,0,0
0,0,0
0,0,0
0,0,0
0,0,0
0,0,0
0,0,0
0,0,0
0,0,0
0,0,0
0,0,0
0,0,0
0,0,0
0,0,0
0,0,0
0,0,0
0,0,0
0,0,0
0,0,0
0,0,0
0,0,0
0,0,0
0,0,0
0,0,0
0,0,0
0,0,0
0,0,0
0,0,0
0,0,0
0,0,0
0,0,0
0,0,0
0,0,0
0,0,0
0,0,0
0,0,0
0,0,0
0,0,0
0,0,0
0,0,0
0,0,0
0,0,0
0,0,0
0,0,0
0,0,0
0,0,0
0,0,0
0,0,0
0,0,0
0,0,0
0,0,0
0,0,0
0,0,0
0,0,0
0,0,0
0,0,0
0,0,0
0,0,0
0,0,0
0,0,0
0,0,0
0,0,0
0,0,0
0,0,0
0,0,0
0,0,0
0,0,0
0,0,0
0,0,0
0,0,0
0,0,0
0,0,0
0,0,0
0,0,0
0,0,0
0,0,0
0,0,0
0,0,0
0,0,0
0,0,0
0,0,0
0,0,0
0,0,0
0,0,0
0,0,0
0,0,0
0,0,0
0,0,0
0,0,0
0,0,0
0,0,0
0,0,0
155,173,1
165,149,1
173,136,1
178,162,1
161,161,1
141,142,1
173,162,1
149,171,1
136,178,1
162,187,1
161,183,1
142,196,1
162,198,1
171,194,1
178,181,1
187,178,1
183,188,1
196,212,1
198,190,0
194,198,1
181,205,1
178,184,1
188,200,1
212,214,1
190,219,1
198,219,1
205,238,1
184,218,0
200,213,1
214,225,1
219,209,1
219,217,1
238,225,1
218,208,1
213,215,1
225,220,1
209,213,1
217,209,1
225,235,1
208,227,1
215,242,1
220,241,1
213,253,1
209,262,1
235,287,1
227,278,1
242,243,1
241,251,1
253,246,1
262,253,1
287,227,1
278,263,1
243,266,1
251,280,1
246,286,1
253,261,1
227,263,1
263,288,1
266,281,1
280,264,1
286,281,1
261,293,1
263,313,1
288,315,1
281,314,1
264,346,1
281,376,1
293,362,1
313,360,1
315,390,1
314,347,1
346,331,1
376,330,1
362,323,1
360,323,1
390,320,1
347,331,1
331,339,1
330,354,1
323,406,1
323,428,1
320,453,1
331,444,1
339,458,1
354,458,1
406,485,1
428,476,1
453,512,1
444,494,1
458,485,1
458,517,1
485,559,1
476,573,1
512,582,1
494,617,1
485,611,1
517,600,1
559,568,1
573,604,1
582,632,1
617,645,1
611,619,1
600,649,1
568,668,1
604,704,1
632,692,1
645,710,1
619,705,1
649,736,1
668,731,1
704,788,1
692,769,1
710,780,1
705,803,1
736,747,1
731,723,1
788,741,1
769,728,1
780,719,1
803,732,1
747,684,1
723,754,1
741,787,1
728,786,1
719,783,1
732,777,1
684,788,1
754,716,1
787,767,1
786,800,1
783,774,1
777,796,1
788,763,1
716,824,1
767,810,1
800,819,1
774,854,1
796,854,1
763,835,1
824,870,1
810,861,1
819,881,1
854,851,1
854,858,1
835,826,1
870,859,1
861,867,1
881,857,1
851,869,1
858,917,1
826,839,1
859,864,1
867,873,1
857,870,1
869,895,1
917,897,1
839,904,1
864,903,1
873,916,1
0,0,0
0,0,0
0,0,0
0,0,0
0,0,0
0,0,0
0,0,0
0,0,0
0,0,0
0,0,0
0,0,0
0,0,0
0,0,0
0,0,0
0,0,0
0,0,0
0,0,0
0,0,0
0,0,0
0,0,0
0,0,0
0,0,0
0,0,0
0,0,0
0,0,0
0,0,0
0,0,0
0,0,0
0,0,0
0,0,0
0,0,0
0,0,0
0,0,0
0,0,0
45,45,0
46,53,0
38,59,0
49,51,0
44,56,0
37,0,0
45,44,0
53,44,1
59,49,1
51,0,0
56,53,0
0,52,0
44,52,0
44,46,0
49,43,0
0,50,0
53,50,0
52,0,0
52,68,0
46,55,0
43,54,0
50,47,0
50,51,1
0,44,0
68,51,1
55,48,0
54,55,0
47,58,0
51,69,0
44,66,0
51,59,0
48,58,0
55,51,0
58,61,0
69,50,0
66,54,0
59,56,1
58,50,0
51,36,0
61,39,0
50,68,0
54,63,0
56,65,0
50,61,0
36,65,0
39,50,0
68,44,1
63,50,0
65,52,0
61,56,0
65,51,1
50,41,0
44,57,0
50,70,1
52,67,0
56,69,1
51,61,0
41,62,0
57,55,1
70,53,1
67,58,0
69,43,0
61,0,0
62,2,0
55,53,1
53,9,0
58,1,0
43,0,0
0,0,0
2,0,0
53,0,0
9,60,0
1,38,0
0,43,0
0,39,0
0,38,0
0,42,0
60,32,0
38,57,0
43,50,0
39,51,0
38,41,0
42,37,0
32,36,0
57,43,0
50,40,0
51,56,0
41,39,0
37,42,0
36,48,0
43,52,0
40,37,0
56,43,0
39,41,0
42,50,0
48,51,0
52,56,0
37,72,0
43,54,0
41,64,0
50,61,0
51,65,1
56,58,0
72,54,0
54,51,0
64,44,0
61,53,1
65,44,0
58,47,0
54,43,0
51,38,1
36,38,0
37,43,0
42,41,0
37,30,0
39,33,0
40,39,0
38,34,0
43,40,0
41,34,0
30,43,0
33,24,0
39,37,0
34,51,0
40,44,0
34,48,0
43,42,0
24,50,0
37,44,0
51,51,0
44,40,0
48,42,0
42,38,0
50,44,0
44,45,0
51,43,0
40,43,0
42,40,0
38,48,1
44,48,0
45,45,0
43,49,0
43,48,1
40,46,0
48,46,0
48,41,0
45,44,0
49,43,0
48,45,0
46,42,1
46,40,0
41,37,0
44,40,0
43,49,0
45,44,0
42,44,0
40,40,0
37,48,0
40,50,0
49,43,1
44,51,0
44,54,0
40,63,0
48,54,0
50,59,1
43,57,0
51,57,0
54,62,0
63,58,0
54,58,0
59,59,0
57,58,0
57,63,0
62,59,0
58,63,1
58,61,0
59,69,0
58,55,0
63,68,0
59,65,0
63,53,0
61,54,0
69,58,1
55,63,0
68,57,0
65,71,1
53,58,0
54,63,1
58,65,0
63,69,0
57,57,1
71,77,1
58,62,1
63,58,0
65,52,0
69,54,1
57,59,0
46,59,0
43,47,0
54,48,0
44,46,0
55,48,0
55,42,0
59,50,0
47,46,0
48,43,0
46,40,0
48,43,1
42,47,0
50,8,0
46,13,0
43,41,0
40,30,0
43,23,0
47,25,0
8,32,0
13,34,0
41,43,1
30,32,0
23,41,0
25,36,0
32,29,0
34,42,0
43,50,1
32,66,0
41,47,1
36,44,0
29,48,0
42,43,0
50,41,0
66,36,0
47,48,0
44,41,0
48,42,1
43,51,1
41,39,0
36,46,0
48,50,0
41,51,0
42,55,0
51,50,0
39,50,1
46,38,1
50,39,0
51,31,0
55,31,0
50,33,1
50,42,0
38,34,0
39,26,0
31,43,0
31,53,0
33,51,0
42,53,0
34,54,0
26,51,0
43,44,0
53,38,0
51,49,0
53,48,0
54,52,0
51,46,0
44,33,0
38,32,0
49,50,0
48,48,1
52,48,0
46,4,0
33,5,0
32,6,0
50,38,0
48,39,0
48,38,0
4,40,0
5,62,0
6,60,0
38,39,0
39,29,0
38,25,0
40,33,0
62,40,0
60,39,0
39,40,0
29,30,0
25,38,1
33,41,0
40,41,0
39,33,0
40,31,0
30,42,0
38,33,0
41,32,0
41,30,0
33,42,0
31,31,1
42,39,0
33,32,0
27,34,0
37,35,1
28,22,0
38,33,1
30,36,0
32,32,0
34,40,1
35,39,0
22,35,0
33,35,0
36,35,0
32,29,0
40,29,0
39,30,0
35,28,0
35,32,0
35,37,0
29,45,1
29,47,0
30,37,0
28,35,0
32,35,0
37,33,0
45,36,0
47,35,0
37,47,1
35,42,0
35,46,0
33,35,0
36,58,0
35,53,0
47,41,0
42,38,0
46,40,0
35,31,1
58,33,0
53,33,1
41,36,0
38,36,0
40,32,0
31,27,0
33,35,1
33,32,1
36,35,0
36,37,0
32,31,0
27,41,0
35,48,1
32,43,0
35,49,1
37,51,1
31,47,0
41,55,0
48,57,1
43,49,0
49,56,0
51,49,1
47,59,1
55,58,1
57,50,1
49,58,0
56,57,1
49,60,0
59,56,1
58,61,0
50,61,1
98,77,0
99,65,1
85,75,0
82,65,1
85,58,1
87,62,0
77,59,1
65,60,1
75,61,0
65,56,1
58,60,0
62,58,1
59,67,0
60,62,1
61,43,0
56,37,1
60,32,1
58,28,0
67,23,0
62,24,0
43,30,0
37,24,0
32,30,0
28,28,0
23,29,0
24,25,0
30,22,0
24,26,0
30,28,1
28,35,0
29,33,0
25,36,0
22,38,0
26,37,1
28,40,0
35,52,1
33,47,1
36,45,0
38,50,1
37,62,1
40,59,1
52,61,1
47,68,1
45,69,1
50,72,1
62,69,1
59,75,1
61,77,1
68,67,1
69,89,1
72,91,1
69,108,1
75,119,1
77,125,1
101,94,1
100,93,1
93,102,1
89,86,1
95,100,1
90,92,1
94,98,1
93,92,1
102,97,1
86,115,1
100,95,0
92,102,1
98,99,0
92,89,1
97,99,1
115,102,0
95,90,1
102,85,0
99,89,1
89,98,1
99,88,1
102,92,1
90,91,1
85,92,1
89,89,0
98,88,1
88,96,0
92,82,1
91,88,1
92,87,0
89,87,0
88,72,0
96,72,0
82,64,0
88,69,0
87,73,0
87,77,0
72,79,0
72,59,0
64,70,0
69,78,0
73,79,0
77,74,0
79,73,0
59,77,0
70,78,1
78,82,0
79,69,0
74,71,1
73,80,0
77,76,0
78,68,1
82,73,1
69,64,0
71,65,0
80,59,0
76,61,0
68,61,0
73,73,0
64,66,0
65,63,0
59,48,0
61,44,1
61,42,0
73,32,1
66,30,0
63,22,1
48,22,0
44,22,1
42,15,0
32,12,0
30,14,0
22,15,0
22,13,1
22,13,0
15,15,0
12,17,0
14,15,0
15,19,0
13,23,0
13,24,0
15,23,0
17,28,0
15,29,1
19,35,1
23,40,1
24,54,1
23,50,1
28,48,1
29,52,1
35,50,1
40,65,1
54,63,1
50,74,1
48,83,1
52,81,1
50,87,1
65,87,1
63,77,1
74,88,1
83,98,1
81,98,1
87,94,1
87,113,1
77,110,1
88,124,1
98,125,1
98,125,1
94,131,1
113,135,1
110,129,1
124,133,1
125,294,1
125,299,1
24,42,0
40,35,0
33,39,0
30,37,0
34,42,0
40,37,0
42,34,0
35,37,0
39,35,0
37,40,0
42,37,0
37,27,1
34,34,0
37,31,0
35,24,0
40,34,0
37,28,0
27,25,1
34,18,0
31,41,0
24,48,0
34,47,1
28,33,0
25,34,0
18,31,0
41,16,0
48,22,0
47,26,0
33,37,0
34,42,0
31,25,0
16,22,0
22,21,0
26,21,0
37,22,0
42,17,0
25,25,0
22,17,0
21,21,0
21,19,0
22,20,0
17,22,0
25,24,0
17,28,0
21,34,0
19,24,0
20,31,0
22,27,0
24,22,0
28,23,0
34,19,0
24,16,0
31,24,0
27,17,0
22,26,0
23,22,0
19,19,0
16,22,0
24,22,0
17,18,0
26,14,0
22,16,0
19,18,0
22,21,0
22,24,0
18,32,0
14,35,0
16,19,0
18,17,0
21,13,0
24,15,0
32,13,0
35,13,0
19,18,0
17,12,0
13,15,0
15,23,0
13,29,0
13,37,0
18,30,0
12,36,0
15,30,0
23,35,0
29,30,0
29,36,0
20,30,0
18,32,0
19,31,0
33,25,0
35,21,0
36,25,1
30,34,0
32,30,0
31,43,0
25,45,0
21,0,0
25,0,0
34,0,0
30,40,1
43,23,0
45,17,0
0,25,0
0,21,0
0,26,0
40,26,0
23,24,0
17,21,0
25,50,0
21,36,0
26,34,0
26,42,0
24,15,0
21,17,0
50,17,0
36,22,0
34,23,0
42,17,0
15,15,0
17,15,0
17,21,0
22,18,0
23,19,0
17,20,0
15,23,0
15,19,0
21,18,0
18,19,0
19,20,0
20,32,0
23,37,0
19,42,0
18,41,0
19,38,0
20,27,0
32,19,0
37,12,0
42,14,0
41,10,0
38,17,0
27,12,0
19,15,0
12,12,0
14,18,0
10,18,0
17,19,0
12,26,0
15,29,0
12,19,0
18,14,0
18,11,0
19,14,0
26,15,0
29,15,0
19,13,0
14,10,0
11,14,0
14,15,0
15,12,0
15,26,0
13,21,0
10,21,0
14,33,0
15,22,0
12,31,0
26,33,0
21,31,0
21,36,0
33,26,0
22,17,0
31,22,0
33,20,0
31,35,0
36,39,0
26,38,0
17,36,0
22,39,0
20,36,0
35,33,0
39,36,0
38,33,0
36,31,0
39,38,0
36,36,1
33,37,0
36,33,0
33,36,0
31,32,0
38,33,0
36,36,0
37,29,0
33,27,0
36,22,0
32,18,0
33,15,0
36,15,0
29,17,0
27,14,0
22,17,0
52,32,0
57,34,0
47,18,0
40,10,0
35,2,0
35,0,0
32,0,0
34,0,0
18,0,0
10,1,0
2,3,0
0,2,0
0,1,0
0,1,0
0,9,0
1,17,0
3,16,0
2,19,0
1,19,0
1,22,0
9,22,0
17,19,0
16,22,0
19,16,0
19,19,0
22,28,1
22,32,0
19,37,0
22,33,0
16,37,0
19,41,0
28,42,1
32,48,1
37,43,1
33,48,1
37,52,1
41,54,1
42,56,1
48,61,1
43,62,1
48,63,1
52,70,1
54,69,1
56,78,1
61,83,1
62,75,1
63,89,1
70,88,1
69,84,1
78,92,1
83,86,1
75,91,1
89,98,1
88,96,1
84,93,1
92,86,1
86,101,1
91,97,1
98,113,1
96,117,1
93,113,1
86,146,1
101,161,1
97,141,1
113,194,1
117,189,1
113,181,1
146,231,1
161,222,1
94,51,0
85,37,0
85,36,0
63,23,0
52,20,0
36,24,0
51,23,0
37,19,0
36,14,0
23,16,0
20,11,0
24,16,0
23,13,0
19,13,0
14,10,0
16,16,0
11,10,0
16,13,0
13,17,0
13,22,0
10,25,0
16,23,0
10,19,0
13,23,0
17,22,0
22,22,0
25,25,0
23,27,0
19,24,0
23,27,0
22,30,0
22,29,0
25,31,0
27,39,1
24,46,1
27,47,1
30,50,1
29,49,1
31,51,1
39,59,1
46,56,1
47,54,1
50,64,1
49,61,1
51,63,1
59,66,1
56,70,1
54,74,1
64,77,1
61,74,1
63,82,1
66,79,1
70,86,1
74,95,1
52,55,1
58,67,1
48,58,1
46,62,1
45,59,1
45,65,1
55,66,1
67,53,1
58,62,1
62,63,1
59,70,1
65,72,1
66,66,1
53,61,1
62,68,1
63,52,1
70,60,1
72,42,1
66,48,1
61,45,1
68,53,1
52,46,1
60,52,1
42,44,1
48,37,0
45,60,1
53,58,1
46,51,1
52,65,1
44,56,1
37,57,1
60,66,1
58,55,1
51,53,1
65,52,1
56,68,1
57,56,1
66,66,1
55,64,1
53,77,1
52,63,1
68,52,1
56,57,1
66,67,1
64,56,1
77,53,1
63,53,1
52,55,1
57,48,1
67,56,1
56,71,1
53,69,1
53,59,1
55,56,1
48,64,1
56,52,1
71,61,1
69,61,1
59,73,1
56,64,1
64,79,1
52,88,1
61,88,1
61,63,0
73,65,1
64,59,1
79,56,1
88,60,1
88,53,1
63,63,1
65,58,1
59,64,1
56,61,1
60,55,1
53,61,1
63,60,1
58,52,1
64,48,1
61,40,1
55,38,1
61,36,1
60,44,1
52,39,1
48,29,1
40,39,1
38,42,1
36,45,1
44,44,1
39,42,1
29,46,1
39,28,1
42,28,0
45,22,0
44,31,1
42,22,0
46,23,0
28,18,0
28,10,0
22,11,0
31,10,0
22,13,0
23,11,0
18,9,0
10,11,0
11,14,0
10,14,0
13,9,0
11,5,0
9,9,0
11,7,0
14,7,0
14,10,0
9,5,0
5,10,0
9,10,0
7,8,0
7,9,0
10,7,0
5,10,0
10,9,0
10,6,0
8,8,0
9,10,0
7,12,0
10,13,0
9,12,0
6,17,0
8,14,0
10,9,0
12,6,0
13,7,0
12,5,0
17,14,0
14,4,0
9,7,0
6,11,0
7,17,0
5,21,0
14,14,0
4,18,0
7,19,0
11,17,0
17,14,0
21,18,0
14,16,0
18,20,0
19,20,0
17,19,0
14,18,0
18,17,0
16,15,0
20,21,1
20,6,0
19,20,0
18,27,0
17,27,0
15,34,0
21,34,0
6,37,0
20,45,0
27,50,0
27,44,1
34,59,1
34,55,0
37,51,1
45,64,1
50,67,1
44,56,0
59,72,1
55,72,1
51,68,1
64,69,1
67,72,1
56,64,1
72,57,1
72,86,1
68,100,1
69,89,1
72,89,1
64,87,1
57,91,1
86,91,1
100,84,1
89,86,1
89,88,1
87,97,1
91,86,1
91,87,1
84,89,1
123,121,1
109,97,1
70,103,1
74,96,1
105,94,1
111,103,1
121,110,1
97,112,1
103,103,1
96,101,1
94,107,1
103,123,1
110,95,1
112,97,1
103,108,1
101,114,1
107,109,1
123,100,1
95,103,1
97,94,1
108,95,1
114,88,1
109,79,1
100,88,1
103,77,1
94,12,0
95,65,1
88,78,1
79,52,1
88,50,0
77,105,1
12,55,0
65,72,1
78,96,1
52,73,0
50,80,1
105,81,1
55,86,1
72,88,1
96,84,1
73,84,1
80,96,1
81,77,1
86,82,1
88,94,1
84,84,1
84,82,1
96,83,1
77,91,1
82,87,1
94,89,1
84,75,0
82,77,1
83,84,0
91,89,0
87,82,1
89,86,1
75,86,1
77,74,1
84,78,1
89,85,1
82,77,1
86,73,1
86,67,1
74,61,1
78,68,1
85,73,1
77,57,1
73,72,1
67,64,1
61,79,1
68,69,1
73,81,1
57,72,1
72,74,1
64,77,1
79,62,1
69,63,1
81,57,0
72,67,0
74,60,1
77,60,1
62,50,1
63,47,0
57,55,0
67,50,0
60,53,0
60,55,1
50,47,1
47,53,0
55,60,1
50,71,1
53,61,1
55,59,1
47,49,0
53,41,0
60,45,1
71,47,1
61,61,1
59,58,1
49,59,1
41,63,0
45,71,1
47,74,0
61,61,1
58,64,1
59,70,1
63,48,1
71,43,1
74,50,0
61,44,0
64,30,1
70,14,0
48,8,0
43,11,0
50,4,0
44,3,0
30,4,0
14,3,0
8,2,0
11,3,0
4,12,0
3,14,0
4,7,0
3,13,0
2,13,0
3,16,0
12,11,0
14,13,0
7,14,0
13,14,0
13,13,0
16,16,0
11,17,0
13,20,0
14,15,0
14,24,0
13,31,0
16,28,0
17,26,0
20,26,0
15,29,0
24,31,0
31,41,0
28,41,1
26,46,1
26,48,0
29,45,1
31,46,1
41,42,1
41,47,1
46,50,1
48,52,1
45,53,1
46,48,1
42,55,1
47,58,1
50,56,1
52,48,1
53,57,1
48,64,1
55,58,1
58,56,1
56,63,1
48,62,1
57,74,1
64,75,1
58,82,1
56,85,1
63,75,1
62,86,1
74,81,1
75,96,1
82,99,1
109,43,1
119,108,1
110,108,1
92,117,1
99,110,1
45,110,1
43,96,0
108,96,1
108,97,1
117,99,1
110,111,1
110,115,1
96,122,0
96,99,1
97,92,1
99,92,1
111,115,1
115,108,1
122,116,1
99,125,1
92,117,1
92,79,1
115,97,0
108,87,1
116,99,1
125,81,1
117,84,1
79,71,1
97,62,1
87,78,1
99,77,1
81,93,1
84,86,1
71,74,1
62,56,1
78,66,1
77,72,1
93,83,1
86,92,0
74,55,1
56,84,1
66,79,1
72,89,0
83,84,0
92,90,0
55,81,1
84,91,0
79,91,0
89,95,0
84,60,1
90,31,0
81,61,0
91,65,0
91,44,0
95,64,1
60,79,1
31,79,1
61,74,1
65,67,1
44,77,0
64,67,0
79,77,1
79,73,1
74,62,0
67,69,1
77,58,0
67,64,0
77,65,0
73,54,1
62,66,1
69,46,1
58,58,1
64,51,1
65,47,1
54,53,1
66,57,1
46,49,0
58,47,1
51,54,1
47,67,0
53,60,0
57,55,1
49,49,0
47,46,0
54,48,0
67,49,0
60,55,0
55,45,0
49,50,0
46,52,0
48,53,0
49,55,0
55,63,0
45,66,0
50,66,0
52,71,0
53,80,0
55,66,1
63,63,0
66,56,0
66,54,1
71,49,0
80,49,0
66,40,1
63,42,0
56,44,1
54,40,1
49,44,1
49,51,1
40,36,1
42,40,1
44,44,1
40,37,1
44,34,1
51,26,1
36,32,1
40,32,1
44,37,1
37,25,1
34,28,1
26,33,1
32,34,1
32,39,1
37,45,1
25,39,1
28,37,0
33,44,0
34,49,1
39,47,1
45,45,1
39,53,1
37,46,1
44,46,1
49,47,1
47,45,1
45,48,1
53,49,1
46,49,1
46,48,1
47,55,1
45,55,1
48,57,1
49,56,1
49,52,1
48,58,1
55,62,1
55,57,1
57,59,1
56,55,1
52,53,1
58,49,1
62,58,1
57,57,1
59,56,1
55,53,1
53,56,1
49,66,1
58,73,1
57,86,1
108,117,1
112,117,1
122,106,0
130,107,1
134,109,0
130,110,0
117,133,0
117,138,0
106,129,0
107,106,1
109,113,0
110,128,0
133,146,1
138,112,1
129,102,1
106,108,1
113,109,1
128,100,1
146,127,1
112,106,1
102,65,0
108,51,0
109,63,1
100,76,1
127,105,1
106,106,1
65,102,1
51,81,1
63,36,0
76,80,1
105,81,1
106,76,1
102,86,1
81,82,0
36,84,0
80,57,0
81,79,0
76,85,1
86,63,1
82,68,0
84,60,1
57,53,0
79,60,1
85,44,0
63,50,1
68,42,1
60,36,0
53,38,0
60,33,1
44,28,0
50,31,0
42,36,0
36,30,0
38,29,0
33,40,0
28,27,0
31,34,0
36,27,0
30,37,0
29,36,0
40,39,0
27,36,0
34,17,0
27,18,0
37,22,0
36,24,0
39,27,0
36,32,0
17,28,0
18,33,0
22,27,0
24,24,0
27,22,0
32,22,0
28,28,0
33,28,0
27,32,0
24,38,1
22,34,1
22,35,0
28,34,0
28,40,1
32,36,0
38,47,1
34,41,1
35,42,1
34,44,1
40,49,1
36,49,1
47,44,1
41,51,1
42,54,1
44,60,1
49,51,1
49,64,1
44,61,1
51,60,0
54,51,0
60,56,1
51,63,1
64,55,1
61,63,1
60,52,0
51,61,1
56,61,1
63,62,1
55,61,1
63,60,1
52,52,1
61,68,1
61,64,1
62,72,1
61,64,1
60,74,1
52,77,1
68,78,1
64,82,1
72,85,1
64,76,1
74,78,1
77,74,1
78,128,1
82,113,1
85,82,1
76,95,1
78,94,1
74,97,1
128,102,1
113,100,1
82,102,1
95,106,1
94,106,1
97,108,1
102,113,1
100,112,1
102,115,1
106,108,1
106,115,1
108,105,1
113,105,1
112,110,1
115,116,1
108,103,1
115,108,1
