1,1,113,55,58,50,1.0,1,1.0
1,2,108,10,14,12,1.0,1,1.0
2,1,112,55,59,51,1.0,2,1.0
2,2,108,15,15,7,1.0,1,1.0
3,1,111,56,60,51,1.0,2,1.0
3,2,109,12,13,10,1.0,1,1.0
4,1,112,56,59,52,1.0,2,1.0
4,2,110,12,14,10,1.0,1,1.0
5,1,111,56,61,53,1.0,2,1.0
5,2,111,11,13,11,1.0,1,1.0
6,1,111,57,62,53,1.0,2,1.0
6,2,112,11,13,12,1.0,2,1.0
7,1,111,57,63,53,1.0,1,1.0
7,2,113,11,13,12,1.0,1,1.0
8,1,110,58,63,53,1.0,2,1.0
8,2,112,12,14,11,1.0,1,1.0
9,1,110,59,63,53,1.0,2,1.0
9,2,114,12,12,11,1.0,1,1.0
10,1,108,58,65,54,1.0,2,1.0
10,2,114,11,12,11,1.0,1,1.0
11,1,109,59,65,54,1.0,2,1.0
11,2,114,11,14,12,1.0,1,1.0
12,1,108,58,65,55,1.0,2,1.0
12,2,114,10,12,11,1.0,1,1.0
13,1,106,59,66,55,1.0,2,1.0
13,2,114,10,14,12,1.0,1,1.0
14,1,106,60,66,55,1.0,2,1.0
14,2,114,11,14,11,1.0,1,1.0
15,1,105,61,67,55,1.0,2,1.0
15,2,114,11,14,12,1.0,1,1.0
16,1,104,60,67,56,1.0,2,1.0
16,2,115,10,12,12,1.0,1,1.0
17,1,102,61,69,57,1.0,2,1.0
17,2,114,11,14,11,1.0,1,1.0
18,1,102,61,69,57,1.0,2,1.0
18,2,114,10,15,12,1.0,1,1.0
19,1,101,61,70,57,1.0,2,1.0
19,2,114,9,15,12,1.0,1,1.0
20,1,101,61,71,57,1.0,2,1.0
21,1,100,61,71,58,1.0,2,1.0
21,3,116,9,14,11,1.0,1,1.0
22,1,99,62,73,58,1.0,2,1.0
23,1,98,62,73,58,1.0,2,1.0
23,4,116,9,15,11,1.0,1,1.0
24,1,97,63,74,59,1.0,2,1.0
24,4,116,10,15,12,1.0,2,1.0
25,1,95,63,75,60,1.0,2,1.0
25,4,116,10,14,11,1.0,1,1.0
26,1,95,64,74,60,1.0,2,1.0
27,1,94,64,75,60,1.0,2,1.0
27,5,116,10,16,12,1.0,1,1.0
28,1,93,64,78,62,1.0,2,1.0
28,5,117,11,16,11,1.0,1,1.0
29,1,92,64,78,62,1.0,2,1.0
29,5,117,11,16,11,1.0,1,1.0
30,1,90,64,79,64,1.0,2,1.0
30,5,117,11,16,11,1.0,1,1.0
31,1,90,64,80,64,1.0,2,1.0
31,5,117,10,18,12,1.0,1,1.0
32,1,89,66,82,63,1.0,2,1.0
32,5,118,11,16,11,1.0,1,1.0
33,1,88,68,82,63,1.0,2,1.0
33,5,118,12,16,12,1.0,1,1.0
34,1,88,68,84,64,1.0,2,1.0
34,5,119,12,16,12,1.0,1,1.0
35,1,87,67,84,65,1.0,2,1.0
35,5,119,11,18,12,1.0,1,1.0
35,6,186,52,15,12,1.0,1,1.0
36,1,86,68,85,65,1.0,2,1.0
36,5,120,11,19,13,1.0,1,1.0
37,1,87,70,84,65,1.0,2,1.0
37,5,121,12,18,13,1.0,1,1.0
37,7,187,54,16,13,1.0,1,1.0
38,1,83,70,85,66,1.0,2,1.0
38,5,120,12,16,13,1.0,1,1.0
38,7,185,55,16,12,1.0,1,1.0
38,8,126,13,20,10,1.0,1,1.0
38,9,133,13,12,8,1.0,1,1.0
39,1,82,71,86,67,1.0,2,1.0
39,5,120,13,16,13,1.0,1,1.0
39,7,186,56,17,13,1.0,2,1.0
39,8,123,14,23,10,1.0,2,1.0
39,9,134,14,12,9,1.0,2,1.0
40,1,80,71,87,68,1.0,2,1.0
40,5,120,13,16,12,1.0,1,1.0
41,1,79,71,88,68,1.0,2,1.0
41,5,120,13,16,12,1.0,1,1.0
41,10,134,14,12,9,1.0,1,1.0
42,1,78,70,88,68,1.0,2,1.0
42,5,120,11,15,13,1.0,1,1.0
42,11,185,55,17,13,1.0,1,1.0
43,1,78,71,90,69,1.0,2,1.0
43,5,121,11,16,13,1.0,1,1.0
43,12,136,13,11,9,1.0,1,1.0
44,1,77,71,90,69,1.0,2,1.0
44,5,121,11,17,13,1.0,1,1.0
44,13,188,56,17,13,1.0,1,1.0
44,14,154,17,6,6,1.0,1,1.0
45,1,75,71,91,70,1.0,2,1.0
45,5,122,11,15,13,1.0,1,1.0
46,1,74,72,93,70,1.0,2,1.0
46,5,123,11,16,12,1.0,1,1.0
46,15,155,17,9,6,1.0,1,1.0
47,1,73,73,94,71,1.0,2,1.0
47,5,123,11,16,13,1.0,1,1.0
48,1,72,74,94,72,1.0,2,1.0
48,5,123,12,16,13,1.0,1,1.0
49,1,70,75,95,72,1.0,2,1.0
49,5,124,13,15,12,1.0,1,1.0
50,1,70,75,97,72,1.0,2,1.0
50,5,125,12,16,13,1.0,1,1.0
51,1,69,75,98,73,1.0,2,1.0
51,5,125,13,16,12,1.0,1,1.0
52,1,67,74,99,74,1.0,2,1.0
52,5,125,11,16,13,1.0,1,1.0
52,16,157,17,12,7,1.0,1,1.0
53,1,66,74,99,75,1.0,2,1.0
53,5,125,10,16,13,1.0,1,1.0
53,16,157,17,13,6,1.0,1,1.0
54,1,64,73,100,74,1.0,2,1.0
54,5,126,9,15,12,1.0,1,1.0
54,17,158,15,13,6,1.0,1,1.0
55,1,62,73,102,75,1.0,2,1.0
55,5,124,9,17,13,1.0,1,1.0
55,17,157,15,13,7,1.0,2,1.0
56,1,60,75,105,76,1.0,2,1.0
57,1,59,76,104,76,1.0,2,1.0
58,1,57,78,106,75,1.0,2,1.0
59,1,57,76,106,78,1.0,2,1.0
60,1,54,78,108,77,1.0,2,1.0
61,1,53,79,109,76,1.0,2,1.0
62,1,52,78,111,77,1.0,2,1.0
63,1,50,77,112,79,1.0,2,1.0
64,1,48,77,114,80,1.0,2,1.0
65,1,46,76,115,81,1.0,2,1.0
66,1,44,78,117,81,1.0,2,1.0
66,18,16,1,19,6,1.0,1,1.0
67,1,42,82,119,81,1.0,2,1.0
67,19,187,1,39,11,1.0,1,1.0
67,20,16,1,31,12,1.0,1,1.0
68,1,40,82,120,83,1.0,2,1.0
68,19,187,3,38,10,1.0,2,1.0
68,20,16,1,30,15,1.0,2,1.0
68,21,37,1,10,10,1.0,1,1.0
69,1,38,82,122,83,1.0,2,1.0
69,19,186,5,39,11,1.0,2,1.0
69,21,33,1,14,12,1.0,2,1.0
69,22,25,1,11,15,1.0,1,1.0
70,1,37,85,123,83,1.0,2,1.0
71,1,41,83,124,83,1.0,2,1.0
72,1,39,84,126,84,1.0,2,1.0
73,1,36,85,129,85,1.0,2,1.0
74,1,35,85,130,87,1.0,2,1.0
75,1,32,86,132,86,1.0,2,1.0
75,23,193,6,10,6,1.0,1,1.0
76,1,27,82,137,87,1.0,2,1.0
77,1,25,84,138,89,1.0,2,1.0
78,1,22,85,141,89,1.0,2,1.0
79,1,12,85,142,89,1.0,2,1.0
80,1,11,86,143,90,1.0,2,1.0
81,1,12,86,142,90,1.0,2,1.0
82,1,12,87,142,92,1.0,2,1.0
82,24,135,13,20,18,1.0,1,1.0
83,1,12,87,142,92,1.0,2,1.0
83,24,137,16,19,16,1.0,2,1.0
84,1,12,89,142,92,1.0,2,1.0
84,24,137,17,19,16,1.0,2,1.0
84,25,239,48,13,4,1.0,1,1.0
85,1,10,87,142,93,1.0,2,1.0
86,1,10,87,141,95,1.0,2,1.0
86,26,137,16,19,16,1.0,1,1.0
87,1,10,88,141,94,1.0,2,1.0
87,26,137,15,22,17,1.0,2,1.0
88,1,11,87,140,97,1.0,2,1.0
88,26,138,16,18,16,1.0,1,1.0
88,27,161,18,13,13,1.0,1,1.0
89,1,10,84,140,97,1.0,2,1.0
89,28,138,12,23,16,1.0,1,1.0
90,1,11,85,139,97,1.0,2,1.0
90,28,139,11,23,17,1.0,1,1.0
91,1,10,85,139,99,1.0,2,1.0
92,1,9,87,139,98,1.0,2,1.0
93,1,8,87,137,99,1.0,2,1.0
94,1,9,89,135,99,1.0,2,1.0
95,1,8,89,136,100,1.0,2,1.0
96,1,8,90,135,100,1.0,2,1.0
97,1,8,88,134,101,1.0,2,1.0
98,1,7,88,134,101,1.0,2,1.0
99,1,6,89,133,102,1.0,2,1.0
100,1,5,90,134,103,1.0,2,1.0
101,1,6,91,132,104,1.0,2,1.0
102,1,6,91,131,104,1.0,2,1.0
103,1,6,91,131,105,1.0,2,1.0
104,1,6,90,130,107,1.0,2,1.0
105,1,6,91,129,107,1.0,2,1.0
106,1,6,91,129,106,1.0,2,1.0
107,1,7,91,129,109,1.0,2,1.0
108,1,7,92,129,110,1.0,2,1.0
109,1,7,91,128,112,1.0,2,1.0
110,1,6,92,127,114,1.0,2,1.0
111,1,5,89,128,118,1.0,2,1.0
112,1,6,93,126,116,1.0,2,1.0
113,1,6,93,126,117,1.0,2,1.0
114,1,4,94,127,117,1.0,2,1.0
115,1,3,97,127,115,1.0,2,1.0
116,1,3,97,127,116,1.0,2,1.0
116,29,51,124,23,27,1.0,1,1.0
117,1,3,98,126,116,1.0,2,1.0
118,1,2,99,126,114,1.0,2,1.0
119,1,3,99,125,113,1.0,2,1.0
119,30,46,126,25,28,1.0,1,1.0
120,1,3,99,126,113,1.0,2,1.0
120,30,45,127,25,28,1.0,2,1.0
121,1,2,99,125,113,1.0,2,1.0
121,30,43,127,25,28,1.0,1,1.0
122,1,4,99,123,113,1.0,2,1.0
122,30,41,128,25,27,1.0,1,1.0
123,1,5,100,121,112,1.0,2,1.0
123,30,37,128,27,28,1.0,2,1.0
124,1,7,101,118,113,1.0,2,1.0
124,30,35,132,26,26,1.0,2,1.0
125,1,7,100,116,113,1.0,2,1.0
125,30,31,130,29,29,1.0,2,1.0
126,1,8,103,114,112,1.0,2,1.0
126,30,30,131,28,30,1.0,2,1.0
127,1,8,104,112,112,1.0,2,1.0
127,30,27,133,29,29,1.0,2,1.0
128,1,8,104,112,112,1.0,2,1.0
128,30,26,132,29,31,1.0,2,1.0
129,1,8,106,111,111,1.0,2,1.0
129,30,23,134,30,30,1.0,2,1.0
130,1,9,108,111,113,1.0,2,1.0
130,30,21,137,32,30,1.0,2,1.0
131,1,10,106,110,113,1.0,2,1.0
131,30,18,132,35,33,1.0,2,1.0
132,1,10,106,109,114,1.0,2,1.0
132,30,14,131,38,34,1.0,2,1.0
133,1,11,107,108,113,1.0,2,1.0
133,30,14,131,37,33,1.0,2,1.0
134,1,10,107,108,113,1.0,2,1.0
134,30,15,133,33,34,1.0,2,1.0
135,1,12,108,107,113,1.0,2,1.0
135,30,18,135,30,30,1.0,2,1.0
136,1,11,108,104,114,1.0,2,1.0
137,1,13,109,103,113,1.0,2,1.0
138,1,13,109,105,114,1.0,2,1.0
139,1,13,112,104,114,1.0,2,1.0
140,1,14,113,103,113,1.0,2,1.0
141,1,16,115,102,115,1.0,2,1.0
141,31,20,141,23,35,1.0,1,1.0
142,1,14,115,99,115,1.0,2,1.0
143,1,14,115,98,115,1.0,2,1.0
144,1,12,114,99,117,1.0,2,1.0
145,1,13,117,95,114,1.0,2,1.0
146,1,14,113,96,117,1.0,2,1.0
147,1,16,113,94,115,1.0,2,1.0
148,1,14,113,93,117,1.0,2,1.0
149,1,15,116,94,117,1.0,2,1.0
150,1,16,115,92,117,1.0,2,1.0
151,1,11,116,97,118,1.0,2,1.0
152,1,16,117,91,118,1.0,2,1.0
153,1,14,116,91,119,1.0,2,1.0
154,1,14,120,90,119,1.0,2,1.0
155,1,13,121,90,120,1.0,2,1.0
156,1,14,122,89,120,1.0,2,1.0
157,1,17,123,86,120,1.0,2,1.0
158,1,14,124,86,120,1.0,2,1.0
159,1,9,125,88,122,1.0,2,1.0
160,1,9,126,88,121,1.0,2,1.0
161,1,12,127,84,122,1.0,2,1.0
162,1,13,129,81,122,1.0,2,1.0
163,1,11,130,82,123,1.0,2,1.0
164,1,9,130,83,123,1.0,2,1.0
165,1,9,130,80,123,1.0,2,1.0
166,1,8,131,81,123,1.0,2,1.0
167,1,8,129,79,127,1.0,2,1.0
168,1,4,131,81,127,1.0,2,1.0
169,1,4,132,81,128,1.0,2,1.0
170,1,7,132,75,129,1.0,2,1.0
171,1,7,134,74,129,1.0,2,1.0
172,1,9,136,70,130,1.0,2,1.0
173,1,9,138,69,132,1.0,2,1.0
174,1,10,141,68,128,1.0,2,1.0
175,1,12,141,65,128,1.0,2,1.0
176,1,11,144,65,128,1.0,2,1.0
177,1,12,145,64,126,1.0,2,1.0
178,1,13,145,62,126,1.0,2,1.0
179,1,14,146,60,123,1.0,2,1.0
180,1,17,145,58,123,1.0,2,1.0
181,1,19,144,56,118,1.0,2,1.0
182,1,14,146,60,118,1.0,2,1.0
183,1,13,147,60,117,1.0,2,1.0
184,1,5,149,66,116,1.0,2,1.0
185,1,13,150,55,116,1.0,2,1.0
186,1,12,151,55,114,1.0,2,1.0
187,1,11,152,54,115,1.0,2,1.0
188,1,11,146,48,118,1.0,2,1.0
189,1,8,148,48,117,1.0,2,1.0
189,32,181,21,22,10,1.0,1,1.0
190,1,9,150,45,117,1.0,2,1.0
191,1,9,145,44,122,1.0,2,1.0
192,1,9,145,43,124,1.0,2,1.0
193,1,9,142,41,128,1.0,2,1.0
194,1,11,159,38,109,1.0,2,1.0
195,1,9,150,38,120,1.0,2,1.0
196,1,9,153,36,118,1.0,2,1.0
197,1,9,156,36,117,1.0,2,1.0
198,1,11,165,32,108,1.0,2,1.0
199,1,11,168,31,104,1.0,2,1.0
200,1,11,170,30,103,1.0,2,1.0
201,1,12,173,28,100,1.0,2,1.0
202,1,11,175,28,96,1.0,2,1.0
203,1,11,178,25,94,1.0,2,1.0
204,1,11,182,23,88,1.0,2,1.0
205,1,11,183,22,87,1.0,2,1.0
206,1,11,187,20,72,1.0,2,1.0
207,1,12,189,17,61,1.0,2,1.0
211,33,187,24,23,11,1.0,1,1.0
213,34,186,25,23,11,1.0,1,1.0
214,34,187,26,23,11,1.0,2,1.0
215,34,187,26,23,11,1.0,2,1.0
216,34,188,26,23,11,1.0,1,1.0
217,34,188,28,22,11,1.0,2,1.0
218,34,188,27,22,11,1.0,1,1.0
219,34,188,26,22,11,1.0,1,1.0
220,34,188,26,22,12,1.0,1,1.0
221,34,189,26,23,11,1.0,1,1.0
222,34,190,25,22,11,1.0,1,1.0
223,34,189,24,24,12,1.0,1,1.0
224,34,190,25,22,11,1.0,1,1.0
225,34,189,25,24,11,1.0,1,1.0
227,35,189,24,24,12,1.0,1,1.0
228,35,190,24,23,11,1.0,1,1.0
