1,1,26,51,107,94,1.0,1,1.0
2,1,28,50,106,94,1.0,1,1.0
2,2,63,64,31,29,1.0,1,1.0
2,3,28,89,42,100,1.0,1,1.0
3,1,27,51,106,94,1.0,1,1.0
3,2,64,65,31,29,1.0,1,1.0
4,1,26,50,107,94,1.0,1,1.0
5,1,30,52,107,94,1.0,1,1.0
5,4,67,66,34,28,1.0,1,1.0
6,1,31,51,107,95,1.0,1,1.0
7,1,31,50,107,94,1.0,1,1.0
8,1,28,52,108,96,1.0,1,1.0
8,5,31,93,42,102,1.0,1,1.0
9,1,29,52,107,94,1.0,1,1.0
9,5,31,93,43,102,1.0,1,1.0
10,1,28,51,108,95,1.0,1,1.0
10,5,30,89,40,104,1.0,1,1.0
11,1,29,52,108,96,1.0,1,1.0
12,1,28,51,110,96,1.0,1,1.0
13,1,30,51,109,97,1.0,1,1.0
13,6,68,67,32,29,1.0,1,1.0
14,1,28,54,111,97,1.0,1,1.0
15,1,27,52,111,95,1.0,1,1.0
16,1,28,52,112,97,1.0,1,1.0
16,7,31,93,43,105,1.0,1,1.0
16,8,66,66,32,28,1.0,1,1.0
17,1,31,53,111,96,1.0,1,1.0
17,7,34,93,56,110,1.0,1,1.0
18,1,31,57,112,97,1.0,1,1.0
18,7,34,97,54,113,1.0,1,1.0
19,9,31,42,46,110,1.0,1,1.0
19,10,30,4,112,97,1.0,1,1.0
20,9,31,44,51,112,1.0,1,1.0
20,10,29,5,113,98,1.0,1,1.0
20,11,13,10,59,140,1.0,1,1.0
21,12,32,55,113,98,1.0,1,1.0
21,13,34,95,55,114,1.0,1,1.0
22,12,32,55,113,99,1.0,1,1.0
22,13,32,105,42,95,1.0,1,1.0
23,12,32,56,113,98,1.0,1,1.0
23,13,32,107,42,93,1.0,1,1.0
23,14,71,71,34,29,1.0,1,1.0
24,12,34,55,114,100,1.0,1,1.0
24,13,33,110,43,91,1.0,1,1.0
24,14,71,70,34,32,1.0,1,1.0
25,12,33,56,114,100,1.0,1,1.0
25,13,34,99,42,105,1.0,1,1.0
26,12,33,56,114,101,1.0,1,1.0
26,13,33,105,43,97,1.0,1,1.0
26,15,69,69,43,35,1.0,1,1.0
27,12,32,56,113,100,1.0,1,1.0
27,13,30,108,44,94,1.0,1,1.0
27,15,68,69,39,35,1.0,1,1.0
28,12,32,57,116,100,1.0,1,1.0
28,13,33,106,43,99,1.0,1,1.0
28,15,68,70,43,37,1.0,1,1.0
29,12,31,57,116,101,1.0,1,1.0
29,13,34,101,42,106,1.0,1,1.0
30,12,35,59,116,103,1.0,1,1.0
30,13,36,108,42,100,1.0,1,1.0
30,16,72,72,42,37,1.0,1,1.0
31,12,38,60,116,103,1.0,1,1.0
31,13,41,103,43,110,1.0,1,1.0
31,16,79,75,35,31,1.0,1,1.0
32,12,38,60,117,103,1.0,1,1.0
32,13,40,102,44,111,1.0,1,1.0
33,12,37,60,117,103,1.0,1,1.0
33,13,40,102,46,112,1.0,1,1.0
34,12,36,62,116,102,1.0,1,1.0
34,13,37,110,44,102,1.0,1,1.0
34,17,78,77,32,30,1.0,1,1.0
35,12,35,62,117,103,1.0,1,1.0
35,13,37,104,48,114,1.0,1,1.0
36,12,35,62,118,104,1.0,1,1.0
36,13,37,109,43,106,1.0,1,1.0
36,18,76,78,38,32,1.0,1,1.0
37,12,36,62,118,104,1.0,1,1.0
37,13,36,111,45,104,1.0,1,1.0
37,18,76,78,36,33,1.0,1,1.0
38,12,35,61,118,104,1.0,1,1.0
38,18,76,78,36,30,1.0,1,1.0
39,12,33,62,119,104,1.0,1,1.0
39,18,75,77,36,33,1.0,1,1.0
39,19,35,106,44,112,1.0,1,1.0
40,12,34,61,121,105,1.0,1,1.0
40,19,35,109,45,108,1.0,1,1.0
41,12,36,62,120,106,1.0,1,1.0
41,19,37,106,50,118,1.0,1,1.0
41,20,26,163,54,54,1.0,1,1.0
41,21,74,76,43,38,1.0,1,1.0
41,22,36,104,97,127,1.0,1,1.0
42,12,36,64,122,106,1.0,1,1.0
42,19,38,107,59,121,1.0,1,1.0
42,20,30,145,50,72,1.0,1,1.0
42,21,75,77,41,36,1.0,1,1.0
43,12,37,64,122,107,1.0,1,1.0
43,19,40,108,50,120,1.0,1,1.0
43,20,31,143,50,75,1.0,1,1.0
43,21,76,77,43,38,1.0,1,1.0
44,12,39,67,121,106,1.0,1,1.0
44,21,81,80,36,33,1.0,1,1.0
45,12,40,67,122,107,1.0,1,1.0
45,21,79,81,39,33,1.0,1,1.0
45,23,42,111,48,119,1.0,1,1.0
45,24,33,151,51,71,1.0,1,1.0
45,25,38,116,103,121,1.0,1,1.0
46,12,39,66,125,109,1.0,1,1.0
46,21,79,80,40,35,1.0,1,1.0
46,23,44,112,51,119,1.0,1,1.0
46,24,32,162,53,61,1.0,1,1.0
46,25,39,123,113,113,1.0,1,1.0
47,26,1,67,115,109,1.0,1,1.0
47,27,35,82,38,34,1.0,1,1.0
47,28,1,111,19,37,1.0,1,1.0
48,26,1,67,110,109,1.0,1,1.0
48,27,31,82,36,32,1.0,1,1.0
49,29,36,68,126,110,1.0,1,1.0
49,30,39,112,50,121,1.0,1,1.0
49,31,79,82,39,34,1.0,1,1.0
49,32,27,167,55,60,1.0,1,1.0
50,29,36,68,127,111,1.0,1,1.0
50,30,38,118,47,112,1.0,1,1.0
51,29,36,69,126,111,1.0,1,1.0
51,33,79,84,38,34,1.0,1,1.0
52,29,38,68,126,110,1.0,1,1.0
52,33,84,85,35,31,1.0,1,1.0
53,29,38,68,127,111,1.0,1,1.0
53,33,85,84,36,33,1.0,1,1.0
54,29,37,68,127,112,1.0,1,1.0
54,33,82,83,38,34,1.0,1,1.0
55,29,38,70,129,113,1.0,1,1.0
55,33,81,85,41,36,1.0,1,1.0
55,34,40,116,53,124,1.0,1,1.0
56,29,40,69,131,115,1.0,1,1.0
56,34,43,116,54,125,1.0,1,1.0
56,35,32,171,57,64,1.0,1,1.0
57,29,43,70,129,114,1.0,1,1.0
57,34,44,116,52,126,1.0,1,1.0
57,36,86,85,40,36,1.0,1,1.0
58,29,43,73,130,114,1.0,1,1.0
58,34,45,120,52,128,1.0,1,1.0
58,36,89,88,39,35,1.0,1,1.0
59,29,44,73,131,116,1.0,1,1.0
59,34,46,120,55,130,1.0,1,1.0
59,36,89,88,38,36,1.0,1,1.0
60,29,44,74,131,116,1.0,1,1.0
60,34,46,121,52,127,1.0,1,1.0
60,36,94,90,34,34,1.0,1,1.0
61,29,41,77,135,117,1.0,1,1.0
61,36,91,93,37,34,1.0,1,1.0
62,29,42,75,135,118,1.0,1,1.0
62,36,90,91,40,35,1.0,1,1.0
63,29,40,76,133,118,1.0,1,1.0
63,36,90,92,35,34,1.0,1,1.0
64,29,42,78,135,118,1.0,1,1.0
64,36,92,94,33,33,1.0,1,1.0
64,37,44,127,58,132,1.0,1,1.0
65,29,46,75,134,118,1.0,1,1.0
65,36,93,91,41,35,1.0,1,1.0
66,29,48,77,134,119,1.0,1,1.0
66,36,97,93,39,35,1.0,1,1.0
66,38,50,127,53,129,1.0,1,1.0
67,29,47,80,136,120,1.0,1,1.0
67,36,96,95,39,36,1.0,1,1.0
67,38,48,130,53,127,1.0,1,1.0
68,29,48,77,135,121,1.0,1,1.0
68,36,94,93,42,34,1.0,1,1.0
68,38,49,127,54,130,1.0,1,1.0
68,39,33,185,64,67,1.0,1,1.0
69,29,46,78,136,121,1.0,1,1.0
69,36,93,94,40,35,1.0,1,1.0
69,38,48,130,57,129,1.0,1,1.0
70,29,44,80,137,123,1.0,1,1.0
70,36,93,96,38,35,1.0,1,1.0
70,38,47,133,58,132,1.0,1,1.0
70,40,31,187,65,71,1.0,1,1.0
71,29,46,82,137,123,1.0,1,1.0
71,36,95,98,40,37,1.0,1,1.0
72,29,45,82,139,124,1.0,1,1.0
72,36,95,98,41,37,1.0,1,1.0
72,41,48,134,58,135,1.0,1,1.0
73,29,45,80,140,125,1.0,1,1.0
73,36,97,97,41,36,1.0,1,1.0
73,41,47,133,57,133,1.0,1,1.0
74,29,46,79,140,125,1.0,1,1.0
74,36,95,95,42,37,1.0,1,1.0
74,41,47,132,60,134,1.0,1,1.0
75,29,44,81,142,125,1.0,1,1.0
75,36,96,97,37,37,1.0,1,1.0
75,41,47,134,60,139,1.0,1,1.0
76,29,44,80,141,127,1.0,1,1.0
76,36,95,96,44,38,1.0,1,1.0
77,29,48,86,143,128,1.0,1,1.0
77,36,101,102,42,38,1.0,1,1.0
77,42,51,139,29,42,1.0,1,1.0
78,29,50,85,143,129,1.0,1,1.0
78,36,103,102,43,38,1.0,1,1.0
79,29,52,85,144,129,1.0,1,1.0
79,36,104,103,46,39,1.0,1,1.0
80,29,51,86,143,130,1.0,1,1.0
80,36,105,103,39,39,1.0,1,1.0
81,29,52,87,145,131,1.0,1,1.0
81,36,106,104,44,39,1.0,1,1.0
82,29,56,88,145,131,1.0,1,1.0
82,36,110,104,40,40,1.0,1,1.0
83,29,55,89,147,131,1.0,1,1.0
83,36,108,105,43,40,1.0,1,1.0
84,29,50,92,146,132,1.0,1,1.0
84,36,101,107,43,41,1.0,1,1.0
85,29,51,93,146,133,1.0,1,1.0
85,36,103,110,45,42,1.0,1,1.0
86,29,49,88,148,134,1.0,1,1.0
86,36,102,104,45,42,1.0,1,1.0
87,29,50,88,149,134,1.0,1,1.0
87,36,102,104,46,41,1.0,1,1.0
88,29,48,88,151,136,1.0,1,1.0
88,36,101,105,48,41,1.0,1,1.0
89,29,48,89,152,137,1.0,1,1.0
89,36,101,106,42,43,1.0,1,1.0
90,29,50,90,151,137,1.0,1,1.0
90,36,103,108,41,41,1.0,1,1.0
91,29,50,90,152,139,1.0,1,1.0
91,36,104,105,49,45,1.0,1,1.0
92,29,49,93,152,139,1.0,1,1.0
92,36,104,111,44,41,1.0,1,1.0
93,29,45,95,154,139,1.0,1,1.0
93,36,100,112,48,41,1.0,1,1.0
94,29,46,96,154,141,1.0,1,1.0
94,36,99,113,47,43,1.0,1,1.0
95,29,47,97,156,141,1.0,1,1.0
95,36,102,114,50,43,1.0,1,1.0
96,29,48,99,157,142,1.0,1,1.0
96,36,104,117,49,43,1.0,1,1.0
97,29,48,98,157,143,1.0,1,1.0
97,36,105,116,47,42,1.0,1,1.0
98,29,47,98,158,144,1.0,1,1.0
98,36,101,115,54,45,1.0,1,1.0
99,29,47,101,158,144,1.0,1,1.0
99,36,102,118,54,45,1.0,1,1.0
100,29,48,102,160,145,1.0,1,1.0
100,36,104,120,53,46,1.0,1,1.0
101,29,53,101,160,147,1.0,1,1.0
101,36,110,120,48,47,1.0,1,1.0
102,29,55,104,161,147,1.0,1,1.0
102,36,111,122,57,47,1.0,1,1.0
103,29,58,105,161,148,1.0,1,1.0
103,36,112,124,56,46,1.0,1,1.0
104,29,58,104,161,148,1.0,1,1.0
104,36,114,122,56,48,1.0,1,1.0
105,29,59,103,162,148,1.0,1,1.0
105,36,114,121,56,48,1.0,1,1.0
106,29,63,104,162,149,1.0,1,1.0
106,36,117,124,45,46,1.0,1,1.0
