1,1,108,77,43,53,1.0,1,1.0
1,2,101,48,33,32,1.0,1,1.0
2,1,110,77,42,53,1.0,2,1.0
2,2,99,49,36,30,1.0,1,1.0
3,1,107,78,43,53,1.0,2,1.0
3,2,98,49,35,31,1.0,2,1.0
4,1,109,79,43,54,1.0,2,1.0
4,2,100,50,35,32,1.0,2,1.0
5,1,110,81,43,55,1.0,2,1.0
5,2,100,51,35,33,1.0,2,1.0
6,1,110,81,43,55,1.0,2,1.0
6,2,100,51,35,33,1.0,2,1.0
7,1,112,81,43,54,1.0,1,1.0
7,2,102,51,34,33,1.0,1,1.0
8,1,113,82,44,53,1.0,2,1.0
8,2,101,52,37,33,1.0,2,1.0
9,1,115,82,44,55,1.0,2,1.0
9,2,104,52,36,33,1.0,2,1.0
10,1,114,83,43,55,1.0,2,1.0
10,2,102,53,36,34,1.0,2,1.0
11,1,114,85,43,54,1.0,2,1.0
11,2,100,54,38,34,1.0,2,1.0
12,1,114,86,44,55,1.0,1,1.0
12,2,101,55,38,35,1.0,2,1.0
13,1,117,87,43,54,1.0,1,1.0
13,2,102,56,39,35,1.0,2,1.0
14,1,117,86,44,55,1.0,1,1.0
14,2,102,57,39,33,1.0,2,1.0
15,1,118,87,45,55,1.0,1,1.0
15,2,103,56,39,35,1.0,2,1.0
16,1,117,86,45,55,1.0,1,1.0
16,2,101,56,39,36,1.0,2,1.0
17,1,119,88,45,56,1.0,1,1.0
17,2,102,57,40,36,1.0,2,1.0
18,1,118,87,45,56,1.0,1,1.0
18,2,101,56,40,37,1.0,2,1.0
19,1,118,88,45,57,1.0,1,1.0
19,2,100,58,41,37,1.0,2,1.0
20,1,121,90,44,56,1.0,1,1.0
20,2,101,57,43,39,1.0,2,1.0
21,1,121,89,46,57,1.0,1,1.0
21,2,102,58,42,38,1.0,2,1.0
22,1,120,93,47,56,1.0,1,1.0
22,2,101,61,43,39,1.0,2,1.0
23,1,121,93,45,57,1.0,1,1.0
23,2,99,61,45,39,1.0,2,1.0
24,1,122,94,47,58,1.0,1,1.0
24,2,99,63,47,39,1.0,2,1.0
25,1,122,91,47,59,1.0,1,1.0
25,2,100,62,47,37,1.0,2,1.0
26,1,122,95,48,59,1.0,1,1.0
26,2,99,62,48,41,1.0,2,1.0
26,3,103,22,9,15,1.0,1,1.0
27,1,125,92,46,60,1.0,1,1.0
27,2,100,60,48,41,1.0,2,1.0
27,3,105,20,9,15,1.0,1,1.0
28,1,126,91,46,61,1.0,1,1.0
28,2,100,60,50,41,1.0,2,1.0
28,3,106,20,9,15,1.0,1,1.0
29,1,128,95,47,60,1.0,1,1.0
29,2,100,63,53,41,1.0,2,1.0
29,3,108,20,8,18,1.0,2,1.0
30,1,130,96,47,60,1.0,1,1.0
30,2,101,62,54,43,1.0,2,1.0
31,1,130,97,49,60,1.0,1,1.0
31,2,102,63,53,44,1.0,2,1.0
31,4,110,23,10,15,1.0,1,1.0
32,1,129,97,49,61,1.0,1,1.0
32,2,100,63,55,44,1.0,2,1.0
32,4,109,23,11,15,1.0,1,1.0
33,1,130,97,50,61,1.0,1,1.0
33,2,101,62,55,45,1.0,2,1.0
34,1,135,97,49,61,1.0,1,1.0
34,2,103,62,56,45,1.0,2,1.0
35,1,137,99,49,62,1.0,1,1.0
35,2,104,65,58,45,1.0,2,1.0
35,5,116,23,11,17,1.0,1,1.0
36,1,135,97,49,63,1.0,1,1.0
36,2,102,63,59,46,1.0,2,1.0
36,5,114,21,12,17,1.0,1,1.0
37,1,133,96,50,65,1.0,1,1.0
37,2,100,64,59,44,1.0,2,1.0
37,5,113,22,10,16,1.0,2,1.0
38,1,138,99,49,63,1.0,1,1.0
38,2,101,65,62,46,1.0,2,1.0
38,6,117,22,10,17,1.0,1,1.0
39,1,140,101,51,64,1.0,1,1.0
39,2,103,67,63,47,1.0,2,1.0
39,7,119,24,12,18,1.0,1,1.0
40,1,139,100,50,64,1.0,1,1.0
40,2,101,66,64,47,1.0,2,1.0
41,1,141,102,51,66,1.0,1,1.0
41,2,101,69,63,46,1.0,2,1.0
42,1,145,105,51,65,1.0,1,1.0
42,2,104,71,65,48,1.0,2,1.0
43,1,141,108,51,64,1.0,1,1.0
43,2,99,73,63,48,1.0,2,1.0
44,1,140,108,52,65,1.0,1,1.0
44,2,96,74,69,48,1.0,2,1.0
45,1,141,106,53,65,1.0,1,1.0
45,2,97,69,64,51,1.0,2,1.0
46,1,142,103,53,67,1.0,1,1.0
46,2,96,72,62,47,1.0,2,1.0
46,8,120,27,11,17,1.0,1,1.0
47,1,145,106,53,66,1.0,1,1.0
47,2,99,72,62,50,1.0,2,1.0
47,9,124,29,10,16,1.0,1,1.0
48,1,144,108,53,67,1.0,1,1.0
48,2,96,76,63,48,1.0,2,1.0
49,1,145,113,53,67,1.0,1,1.0
49,2,96,79,64,50,1.0,2,1.0
50,1,149,112,54,68,1.0,1,1.0
50,2,99,79,65,51,1.0,2,1.0
50,10,127,37,10,14,1.0,1,1.0
51,1,150,110,54,68,1.0,1,1.0
51,2,99,77,65,50,1.0,2,1.0
52,1,149,112,54,69,1.0,1,1.0
52,2,96,79,67,51,1.0,2,1.0
53,1,150,111,55,69,1.0,1,1.0
53,2,96,77,67,52,1.0,2,1.0
54,1,152,115,54,68,1.0,1,1.0
54,2,96,80,68,52,1.0,2,1.0
55,1,152,116,56,68,1.0,1,1.0
55,2,96,81,69,53,1.0,2,1.0
56,1,153,114,57,71,1.0,1,1.0
56,2,95,81,70,52,1.0,2,1.0
57,1,154,112,56,73,1.0,1,1.0
57,2,94,81,71,53,1.0,2,1.0
58,1,153,114,56,71,1.0,1,1.0
58,2,92,80,72,55,1.0,2,1.0
59,1,154,117,57,72,1.0,1,1.0
59,2,91,83,73,56,1.0,2,1.0
60,1,155,121,57,72,1.0,1,1.0
60,2,91,86,74,56,1.0,2,1.0
61,1,156,122,57,72,1.0,1,1.0
61,2,90,89,75,55,1.0,2,1.0
62,1,159,124,58,73,1.0,1,1.0
62,2,92,89,76,57,1.0,2,1.0
63,1,166,126,58,73,1.0,1,1.0
63,2,98,90,77,58,1.0,2,1.0
64,1,170,124,59,74,1.0,1,1.0
64,2,101,88,78,59,1.0,2,1.0
64,11,74,106,34,26,1.0,1,1.0
65,1,174,128,58,75,1.0,1,1.0
65,2,102,92,79,60,1.0,2,1.0
66,1,168,130,59,74,1.0,1,1.0
66,2,95,92,80,61,1.0,2,1.0
67,1,170,128,60,75,1.0,1,1.0
67,2,95,90,82,62,1.0,2,1.0
68,1,173,128,60,74,1.0,1,1.0
68,2,96,92,83,59,1.0,2,1.0
69,1,175,128,60,77,1.0,1,1.0
69,2,97,92,84,60,1.0,2,1.0
70,1,174,132,61,76,1.0,1,1.0
70,2,95,95,84,61,1.0,2,1.0
71,1,174,134,61,77,1.0,1,1.0
71,2,92,98,86,61,1.0,2,1.0
72,1,175,136,62,77,1.0,1,1.0
72,2,92,98,87,62,1.0,2,1.0
73,1,179,140,62,78,1.0,1,1.0
73,2,94,103,88,62,1.0,2,1.0
74,1,178,138,63,77,1.0,1,1.0
74,2,91,100,89,63,1.0,2,1.0
75,1,177,139,63,79,1.0,1,1.0
75,2,88,102,92,64,1.0,2,1.0
76,1,180,140,64,79,1.0,1,1.0
76,2,89,103,93,63,1.0,2,1.0
76,12,117,49,24,17,1.0,1,1.0
77,1,187,141,64,80,1.0,1,1.0
77,2,93,103,95,67,1.0,2,1.0
77,12,123,50,24,15,1.0,1,1.0
78,1,187,143,64,79,1.0,1,1.0
78,2,92,105,95,65,1.0,2,1.0
79,1,189,143,64,81,1.0,1,1.0
79,2,91,105,97,65,1.0,2,1.0
80,1,195,147,64,81,1.0,1,1.0
80,2,95,109,99,66,1.0,2,1.0
80,13,90,41,45,27,1.0,1,1.0
80,14,130,56,24,14,1.0,1,1.0
81,1,189,149,66,81,1.0,1,1.0
81,2,88,111,100,67,1.0,2,1.0
81,13,85,43,40,25,1.0,1,1.0
81,14,125,57,25,16,1.0,2,1.0
82,1,189,150,65,81,1.0,1,1.0
82,2,85,110,101,69,1.0,2,1.0
82,13,83,43,43,27,1.0,2,1.0
82,15,53,129,45,32,1.0,1,1.0
83,1,192,153,66,82,1.0,1,1.0
83,2,86,113,104,72,1.0,2,1.0
83,15,54,132,45,32,1.0,2,1.0
84,1,198,154,66,83,1.0,1,1.0
84,2,88,116,105,71,1.0,2,1.0
84,16,132,61,28,19,1.0,1,1.0
85,1,199,154,66,84,1.0,1,1.0
85,2,88,115,106,72,1.0,2,1.0
86,1,199,157,66,82,1.0,1,1.0
86,2,85,116,109,74,1.0,2,1.0
86,17,52,135,49,33,1.0,1,1.0
87,1,203,159,67,83,1.0,1,1.0
87,2,87,119,110,73,1.0,2,1.0
87,17,54,137,49,33,1.0,2,1.0
88,1,206,160,67,84,1.0,1,1.0
88,2,88,120,110,74,1.0,2,1.0
88,17,53,138,51,34,1.0,2,1.0
89,1,202,160,68,85,1.0,1,1.0
89,2,81,119,116,76,1.0,2,1.0
89,17,47,138,52,35,1.0,2,1.0
90,1,204,163,68,86,1.0,1,1.0
90,2,81,122,115,77,1.0,2,1.0
90,17,47,141,51,35,1.0,2,1.0
91,1,207,160,69,88,1.0,1,1.0
91,2,80,117,117,82,1.0,2,1.0
91,17,46,139,53,35,1.0,2,1.0
92,1,210,161,69,87,1.0,1,1.0
92,2,81,119,118,81,1.0,2,1.0
92,17,45,139,55,36,1.0,2,1.0
93,1,214,162,70,87,1.0,1,1.0
93,2,83,119,119,82,1.0,2,1.0
93,17,46,140,56,36,1.0,2,1.0
94,1,218,164,70,86,1.0,1,1.0
94,2,84,121,121,81,1.0,2,1.0
94,17,46,141,57,36,1.0,2,1.0
95,1,221,162,70,88,1.0,1,1.0
95,2,85,120,122,81,1.0,2,1.0
95,17,45,140,58,36,1.0,2,1.0
96,1,220,167,71,88,1.0,1,1.0
96,2,82,124,123,83,1.0,2,1.0
96,17,41,144,61,37,1.0,2,1.0
97,1,218,169,71,90,1.0,1,1.0
97,2,77,126,125,84,1.0,2,1.0
98,1,220,171,72,89,1.0,1,1.0
98,2,77,129,126,86,1.0,2,1.0
99,1,218,174,73,90,1.0,1,1.0
99,2,72,131,129,88,1.0,2,1.0
99,18,25,151,68,39,1.0,1,1.0
100,1,220,174,71,89,1.0,1,1.0
100,2,69,130,130,89,1.0,2,1.0
100,18,20,150,72,39,1.0,1,1.0
101,1,220,174,73,90,1.0,1,1.0
101,2,67,131,133,88,1.0,2,1.0
101,18,15,151,74,38,1.0,1,1.0
101,19,186,20,23,11,1.0,1,1.0
102,1,221,178,73,90,1.0,1,1.0
102,2,65,134,135,91,1.0,2,1.0
102,18,14,154,75,41,1.0,2,1.0
103,1,222,177,73,91,1.0,1,1.0
103,2,63,134,136,90,1.0,2,1.0
103,18,12,153,74,41,1.0,2,1.0
103,20,187,20,22,10,1.0,1,1.0
104,1,226,178,74,92,1.0,1,1.0
104,2,64,135,137,91,1.0,2,1.0
104,20,190,21,23,11,1.0,2,1.0
105,1,230,181,74,93,1.0,1,1.0
105,2,64,138,139,91,1.0,2,1.0
105,20,194,23,23,11,1.0,2,1.0
105,21,15,157,74,44,1.0,1,1.0
106,1,232,184,75,93,1.0,1,1.0
106,2,61,139,143,94,1.0,2,1.0
106,21,15,159,71,44,1.0,2,1.0
107,1,235,185,75,93,1.0,1,1.0
107,2,59,140,148,94,1.0,2,1.0
107,22,196,23,25,12,1.0,1,1.0
108,1,238,187,75,93,1.0,1,1.0
108,2,60,142,148,96,1.0,2,1.0
108,22,198,25,25,11,1.0,2,1.0
109,1,239,190,76,93,1.0,1,1.0
109,2,58,144,151,97,1.0,2,1.0
109,22,199,26,26,11,1.0,2,1.0
110,1,239,187,76,93,1.0,1,1.0
110,2,55,141,153,99,1.0,2,1.0
110,23,198,22,26,11,1.0,1,1.0
111,1,238,189,78,94,1.0,1,1.0
111,2,51,143,154,100,1.0,2,1.0
111,23,199,22,24,12,1.0,2,1.0
111,24,168,84,42,20,1.0,1,1.0
112,1,238,184,78,95,1.0,1,1.0
112,2,47,139,155,100,1.0,2,1.0
113,1,244,185,78,96,1.0,1,1.0
113,2,47,139,160,102,1.0,2,1.0
113,25,17,160,64,52,1.0,1,1.0
113,26,174,80,37,20,1.0,1,1.0
114,1,247,186,78,96,1.0,1,1.0
114,2,45,140,165,103,1.0,2,1.0
114,26,177,80,38,20,1.0,1,1.0
115,1,243,190,78,97,1.0,1,1.0
115,2,36,144,168,103,1.0,2,1.0
115,27,201,19,25,12,1.0,1,1.0
116,1,243,194,77,96,1.0,1,1.0
116,2,30,148,172,103,1.0,2,1.0
116,28,10,169,61,54,1.0,1,1.0
117,1,245,199,78,96,1.0,1,1.0
117,2,25,152,179,104,1.0,2,1.0
117,28,12,173,58,58,1.0,2,1.0
118,1,246,200,79,97,1.0,1,1.0
118,2,16,153,187,107,1.0,2,1.0
118,28,11,174,58,58,1.0,2,1.0
119,1,245,202,79,98,1.0,1,1.0
119,2,11,155,190,108,1.0,2,1.0
120,1,247,203,79,97,1.0,1,1.0
120,2,8,156,193,108,1.0,2,1.0
121,1,248,203,81,98,1.0,1,1.0
121,2,7,155,193,110,1.0,2,1.0
121,29,178,95,25,14,1.0,1,1.0
122,1,251,205,82,98,1.0,1,1.0
122,2,7,156,194,112,1.0,2,1.0
123,1,254,204,80,99,1.0,1,1.0
123,2,11,155,191,113,1.0,2,1.0
124,1,255,206,81,99,1.0,1,1.0
124,2,11,157,191,114,1.0,2,1.0
125,1,257,208,82,100,1.0,1,1.0
125,2,11,159,190,115,1.0,2,1.0
125,30,186,99,28,19,1.0,1,1.0
126,1,260,210,82,100,1.0,1,1.0
126,2,13,161,190,116,1.0,2,1.0
127,1,261,211,82,101,1.0,1,1.0
127,2,14,163,187,115,1.0,2,1.0
128,1,263,212,83,101,1.0,1,1.0
128,2,15,164,187,116,1.0,2,1.0
129,1,263,213,85,101,1.0,1,1.0
129,2,14,164,187,118,1.0,2,1.0
130,1,264,215,84,102,1.0,1,1.0
130,2,13,166,187,120,1.0,2,1.0
130,31,193,104,25,15,1.0,1,1.0
131,1,262,217,83,102,1.0,1,1.0
131,2,8,166,187,122,1.0,2,1.0
131,32,92,191,49,29,1.0,1,1.0
132,1,260,218,85,102,1.0,1,1.0
132,2,7,167,186,124,1.0,2,1.0
132,32,88,192,48,28,1.0,1,1.0
133,1,262,219,85,102,1.0,1,1.0
133,2,7,168,186,124,1.0,2,1.0
133,32,88,192,49,30,1.0,2,1.0
134,1,265,219,85,103,1.0,1,1.0
134,2,9,167,184,127,1.0,2,1.0
135,1,267,219,84,103,1.0,1,1.0
135,2,9,168,184,126,1.0,2,1.0
136,1,271,222,84,103,1.0,1,1.0
136,2,11,169,183,129,1.0,2,1.0
137,1,268,222,86,104,1.0,1,1.0
137,2,9,171,181,129,1.0,2,1.0
138,1,268,224,86,103,1.0,1,1.0
138,2,9,170,179,132,1.0,2,1.0
139,1,272,226,86,104,1.0,1,1.0
139,2,10,173,179,135,1.0,2,1.0
140,1,275,226,85,105,1.0,1,1.0
140,2,10,173,177,136,1.0,2,1.0
140,33,101,204,28,30,1.0,1,1.0
141,1,276,227,85,106,1.0,1,1.0
141,2,11,174,176,138,1.0,2,1.0
142,1,277,228,85,106,1.0,1,1.0
142,2,10,175,175,139,1.0,2,1.0
142,34,68,205,53,31,1.0,1,1.0
142,35,96,206,28,30,1.0,1,1.0
143,1,276,229,87,106,1.0,1,1.0
143,2,11,173,171,142,1.0,2,1.0
143,34,65,206,57,32,1.0,2,1.0
143,35,92,207,31,31,1.0,2,1.0
144,1,278,230,86,105,1.0,1,1.0
144,2,11,174,171,144,1.0,2,1.0
144,34,71,207,50,32,1.0,2,1.0
145,1,278,229,86,106,1.0,1,1.0
145,2,11,173,169,146,1.0,2,1.0
145,34,87,207,31,33,1.0,2,1.0
146,1,278,230,86,107,1.0,1,1.0
146,2,10,172,167,150,1.0,2,1.0
146,34,85,208,29,33,1.0,1,1.0
146,36,204,116,28,16,1.0,1,1.0
147,1,278,231,88,106,1.0,1,1.0
147,2,10,173,165,151,1.0,2,1.0
147,34,68,209,44,33,1.0,2,1.0
148,1,279,230,87,107,1.0,1,1.0
148,2,10,171,164,152,1.0,2,1.0
148,34,78,208,32,34,1.0,2,1.0
149,1,281,230,86,107,1.0,1,1.0
149,2,11,170,162,155,1.0,2,1.0
149,34,86,208,22,31,1.0,2,1.0
150,1,280,230,87,107,1.0,1,1.0
150,2,10,169,161,156,1.0,2,1.0
150,37,207,115,25,15,1.0,1,1.0
151,1,282,229,86,106,1.0,1,1.0
151,2,11,167,158,155,1.0,2,1.0
151,37,208,113,30,19,1.0,2,1.0
151,38,67,208,37,34,1.0,1,1.0
152,1,282,229,86,107,1.0,1,1.0
152,2,10,169,157,152,1.0,2,1.0
152,37,208,114,27,16,1.0,1,1.0
152,38,61,208,40,35,1.0,2,1.0
153,1,284,230,87,107,1.0,1,1.0
153,2,12,169,155,152,1.0,2,1.0
153,37,210,114,28,16,1.0,1,1.0
153,38,59,209,40,35,1.0,2,1.0
154,1,285,231,87,107,1.0,1,1.0
154,2,12,170,154,148,1.0,2,1.0
154,37,211,115,28,18,1.0,2,1.0
154,38,53,210,44,35,1.0,2,1.0
155,1,286,230,88,108,1.0,1,1.0
155,2,14,168,150,147,1.0,2,1.0
155,38,47,210,48,37,1.0,2,1.0
155,39,68,210,27,29,1.0,1,1.0
156,1,288,231,86,108,1.0,1,1.0
156,2,15,169,149,148,1.0,2,1.0
156,38,40,210,52,38,1.0,2,1.0
156,39,61,210,31,31,1.0,2,1.0
157,1,289,231,86,107,1.0,1,1.0
157,2,16,169,145,149,1.0,2,1.0
157,38,31,210,58,39,1.0,2,1.0
157,40,213,115,47,22,1.0,1,1.0
158,1,289,231,86,108,1.0,1,1.0
158,2,15,170,144,149,1.0,2,1.0
158,38,31,211,54,38,1.0,2,1.0
158,41,53,211,32,31,1.0,1,1.0
159,1,289,233,88,108,1.0,1,1.0
159,2,17,170,141,150,1.0,2,1.0
159,38,40,214,42,36,1.0,2,1.0
160,1,286,228,87,108,1.0,1,1.0
160,2,12,165,141,151,1.0,2,1.0
160,38,28,209,47,37,1.0,2,1.0
161,1,286,230,88,108,1.0,1,1.0
161,2,13,166,138,151,1.0,2,1.0
161,38,23,209,49,36,1.0,2,1.0
161,42,213,113,26,16,1.0,1,1.0
161,43,212,113,41,21,1.0,1,1.0
162,1,286,230,88,108,1.0,1,1.0
162,2,12,167,137,150,1.0,2,1.0
162,38,18,208,48,37,1.0,1,1.0
163,1,287,231,88,107,1.0,1,1.0
163,2,14,167,135,150,1.0,2,1.0
163,38,16,208,47,36,1.0,1,1.0
163,44,213,114,27,15,1.0,1,1.0
164,1,286,230,88,108,1.0,1,1.0
164,2,12,167,134,150,1.0,2,1.0
164,44,213,114,26,15,1.0,2,1.0
165,1,287,230,88,108,1.0,1,1.0
165,2,13,167,129,150,1.0,2,1.0
165,44,213,114,26,16,1.0,2,1.0
165,45,366,356,58,70,1.0,1,1.0
166,1,287,231,88,107,1.0,1,1.0
166,2,13,167,126,150,1.0,2,1.0
166,44,213,115,26,13,1.0,1,1.0
166,46,15,210,33,36,1.0,1,1.0
167,1,288,231,88,108,1.0,1,1.0
167,2,13,169,124,148,1.0,2,1.0
167,44,213,115,27,16,1.0,2,1.0
167,46,16,212,26,36,1.0,2,1.0
168,1,288,232,88,108,1.0,1,1.0
168,2,14,168,122,150,1.0,2,1.0
168,44,214,116,26,15,1.0,1,1.0
169,1,289,232,87,108,1.0,1,1.0
169,2,14,169,120,149,1.0,2,1.0
169,44,214,116,26,17,1.0,2,1.0
170,1,287,233,88,108,1.0,1,1.0
170,2,13,170,117,149,1.0,2,1.0
170,44,213,116,28,18,1.0,2,1.0
171,1,288,234,87,108,1.0,1,1.0
171,2,13,171,115,149,1.0,2,1.0
171,44,213,117,28,20,1.0,2,1.0
172,1,289,232,87,108,1.0,1,1.0
172,2,14,170,112,148,1.0,2,1.0
172,44,214,116,27,16,1.0,2,1.0
173,1,289,232,87,108,1.0,1,1.0
173,2,13,169,112,149,1.0,2,1.0
174,1,289,232,87,108,1.0,1,1.0
174,2,14,168,109,151,1.0,2,1.0
175,1,288,232,87,107,1.0,1,1.0
175,2,13,167,108,152,1.0,2,1.0
175,47,214,115,27,18,1.0,1,1.0
176,1,288,232,88,108,1.0,1,1.0
176,2,13,168,105,152,1.0,2,1.0
176,48,362,357,61,71,1.0,1,1.0
177,1,288,232,88,108,1.0,1,1.0
177,2,13,169,102,152,1.0,2,1.0
177,48,363,357,59,70,1.0,1,1.0
177,49,212,116,43,22,1.0,1,1.0
178,1,288,232,88,107,1.0,1,1.0
178,2,13,169,101,152,1.0,2,1.0
178,49,214,116,27,18,1.0,1,1.0
179,1,288,232,88,108,1.0,1,1.0
179,2,14,169,98,155,1.0,2,1.0
179,50,364,356,60,70,1.0,1,1.0
180,1,287,232,88,108,1.0,1,1.0
180,2,13,172,96,153,1.0,2,1.0
180,50,362,358,61,69,1.0,2,1.0
181,1,288,231,87,108,1.0,1,1.0
181,2,13,177,93,150,1.0,2,1.0
181,50,361,356,61,72,1.0,2,1.0
181,51,213,115,26,17,1.0,1,1.0
182,1,287,231,88,108,1.0,1,1.0
182,2,13,181,91,145,1.0,2,1.0
182,50,360,355,62,72,1.0,1,1.0
182,51,213,115,26,16,1.0,1,1.0
182,52,229,25,28,14,1.0,1,1.0
183,1,287,231,88,108,1.0,1,1.0
183,2,13,181,89,146,1.0,2,1.0
183,50,361,355,62,72,1.0,1,1.0
184,1,288,231,86,108,1.0,1,1.0
184,2,13,180,87,150,1.0,2,1.0
185,1,288,231,88,108,1.0,1,1.0
185,2,14,184,84,145,1.0,2,1.0
185,53,214,115,27,16,1.0,1,1.0
186,1,287,231,89,108,1.0,1,1.0
186,2,13,183,82,147,1.0,2,1.0
186,54,354,355,70,78,1.0,1,1.0
187,1,287,231,88,108,1.0,1,1.0
187,2,12,183,80,147,1.0,2,1.0
187,55,213,115,28,16,1.0,1,1.0
188,1,287,232,87,107,1.0,1,1.0
188,2,13,184,77,145,1.0,2,1.0
189,1,286,231,88,108,1.0,1,1.0
189,2,12,184,76,143,1.0,2,1.0
189,56,212,115,31,20,1.0,1,1.0
189,57,229,25,28,14,1.0,1,1.0
190,1,286,232,88,107,1.0,1,1.0
190,2,12,184,72,140,1.0,2,1.0
190,56,212,115,31,19,1.0,1,1.0
191,1,286,232,88,107,1.0,1,1.0
191,2,12,187,70,136,1.0,2,1.0
191,56,212,115,27,16,1.0,1,1.0
192,1,286,231,89,108,1.0,1,1.0
192,2,13,187,67,133,1.0,2,1.0
193,1,287,231,88,107,1.0,1,1.0
193,2,13,187,64,129,1.0,2,1.0
193,58,360,354,63,73,1.0,1,1.0
194,1,285,231,88,107,1.0,1,1.0
194,2,12,189,61,126,1.0,2,1.0
194,59,211,114,28,17,1.0,1,1.0
195,1,286,231,88,107,1.0,1,1.0
195,2,12,190,59,123,1.0,2,1.0
195,59,211,114,29,19,1.0,2,1.0
196,1,286,232,87,107,1.0,1,1.0
196,2,12,193,57,123,1.0,2,1.0
196,59,212,115,27,16,1.0,1,1.0
196,60,212,115,46,22,1.0,1,1.0
197,1,287,231,86,108,1.0,1,1.0
197,2,13,194,53,120,1.0,2,1.0
197,59,212,115,29,19,1.0,2,1.0
198,1,286,231,88,109,1.0,1,1.0
198,2,13,194,50,120,1.0,2,1.0
198,59,212,115,27,17,1.0,1,1.0
198,61,212,115,42,22,1.0,1,1.0
199,1,287,231,87,108,1.0,1,1.0
199,2,13,195,49,120,1.0,2,1.0
199,59,212,115,27,17,1.0,2,1.0
199,61,215,115,42,22,1.0,2,1.0
200,1,288,232,87,108,1.0,1,1.0
200,2,13,198,47,118,1.0,2,1.0
200,59,214,116,26,16,1.0,1,1.0
201,1,286,232,88,107,1.0,1,1.0
201,2,12,201,44,113,1.0,2,1.0
202,1,286,232,87,107,1.0,1,1.0
202,2,12,203,42,111,1.0,2,1.0
202,62,213,115,26,15,1.0,1,1.0
202,63,214,115,46,22,1.0,1,1.0
203,1,287,231,88,109,1.0,1,1.0
203,2,12,206,40,106,1.0,2,1.0
203,62,212,115,27,17,1.0,2,1.0
204,1,287,231,87,108,1.0,1,1.0
204,2,13,208,36,104,1.0,2,1.0
204,62,212,115,27,16,1.0,1,1.0
205,1,286,232,88,108,1.0,1,1.0
205,2,11,213,35,98,1.0,2,1.0
205,62,211,116,28,18,1.0,2,1.0
206,1,287,232,87,108,1.0,1,1.0
206,2,13,219,32,82,1.0,2,1.0
207,1,287,232,88,108,1.0,1,1.0
207,2,13,220,29,77,1.0,2,1.0
207,64,213,116,26,18,1.0,1,1.0
207,65,214,116,44,22,1.0,1,1.0
208,1,287,232,88,108,1.0,1,1.0
208,2,13,225,25,72,1.0,2,1.0
208,64,213,116,28,17,1.0,1,1.0
208,65,212,116,46,22,1.0,1,1.0
209,1,287,232,88,107,1.0,1,1.0
209,64,213,115,26,17,1.0,1,1.0
209,65,213,115,42,22,1.0,1,1.0
210,1,287,231,88,108,1.0,1,1.0
210,64,213,115,26,16,1.0,1,1.0
210,65,213,115,42,22,1.0,1,1.0
