1,1,92,57,35,33,1.0,1,1.0
1,2,127,36,31,26,1.0,1,1.0
2,1,94,58,35,33,1.0,1,1.0
2,2,140,37,20,26,1.0,1,1.0
2,3,140,48,17,15,1.0,1,1.0
3,1,93,59,35,33,1.0,1,1.0
3,2,134,38,25,26,1.0,1,1.0
3,3,141,45,16,18,1.0,1,1.0
4,1,94,59,37,34,1.0,1,1.0
4,2,140,39,21,24,1.0,1,1.0
5,1,94,59,37,33,1.0,1,1.0
5,2,133,36,31,27,1.0,1,1.0
5,4,143,49,17,14,1.0,1,1.0
5,5,152,36,16,18,1.0,1,1.0
6,1,94,59,39,34,1.0,1,1.0
6,2,137,38,26,26,1.0,1,1.0
6,4,144,46,17,17,1.0,1,1.0
6,6,73,72,22,15,1.0,1,1.0
7,1,95,60,38,34,1.0,1,1.0
7,2,144,39,23,24,1.0,1,1.0
7,4,146,48,17,15,1.0,1,1.0
7,6,74,74,21,14,1.0,1,1.0
8,1,94,62,41,35,1.0,1,1.0
8,2,139,43,25,24,1.0,1,1.0
8,4,147,49,17,17,1.0,1,1.0
9,1,95,64,42,35,1.0,1,1.0
9,4,147,45,19,23,1.0,1,1.0
9,7,74,77,22,16,1.0,1,1.0
10,1,94,62,43,36,1.0,1,1.0
10,4,148,44,19,24,1.0,1,1.0
10,7,74,77,22,15,1.0,1,1.0
11,1,95,64,40,36,1.0,1,1.0
11,4,149,45,17,24,1.0,1,1.0
12,1,93,64,37,36,1.0,1,1.0
12,4,147,45,18,23,1.0,1,1.0
13,1,94,63,42,37,1.0,1,1.0
13,4,148,44,19,24,1.0,1,1.0
14,1,92,64,45,36,1.0,1,1.0
14,4,147,43,22,25,1.0,1,1.0
14,8,150,52,17,16,1.0,1,1.0
15,1,92,64,42,37,1.0,1,1.0
15,4,149,45,19,24,1.0,1,1.0
16,1,93,66,38,37,1.0,1,1.0
16,4,151,45,18,25,1.0,1,1.0
17,1,92,67,39,37,1.0,1,1.0
17,4,151,47,20,24,1.0,1,1.0
17,9,157,39,18,19,1.0,1,1.0
18,1,94,66,39,38,1.0,1,1.0
18,4,154,44,24,26,1.0,1,1.0
18,9,158,37,21,21,1.0,1,1.0
19,1,94,66,41,38,1.0,1,1.0
19,4,155,47,19,23,1.0,1,1.0
19,9,157,40,24,26,1.0,1,1.0
20,1,92,68,42,38,1.0,1,1.0
20,4,155,54,17,17,1.0,1,1.0
20,9,154,43,30,29,1.0,1,1.0
21,1,91,68,41,38,1.0,1,1.0
21,4,155,47,18,25,1.0,1,1.0
21,9,155,45,32,27,1.0,1,1.0
21,10,156,58,15,14,1.0,1,1.0
22,1,89,68,42,39,1.0,1,1.0
22,4,154,51,17,21,1.0,1,1.0
22,9,153,46,31,26,1.0,1,1.0
22,11,97,20,10,18,1.0,1,1.0
23,1,88,68,43,39,1.0,1,1.0
23,4,154,47,18,25,1.0,1,1.0
23,12,173,42,7,19,1.0,1,1.0
24,1,89,67,43,40,1.0,1,1.0
24,4,157,46,19,25,1.0,1,1.0
25,1,90,69,44,40,1.0,1,1.0
25,4,158,49,19,23,1.0,1,1.0
25,13,178,42,7,21,1.0,1,1.0
26,1,90,69,44,40,1.0,1,1.0
26,4,159,48,19,24,1.0,1,1.0
27,1,90,70,46,41,1.0,1,1.0
27,4,161,50,19,24,1.0,1,1.0
28,1,91,71,45,41,1.0,1,1.0
28,4,161,50,19,25,1.0,1,1.0
29,1,90,73,47,42,1.0,1,1.0
29,4,157,52,25,25,1.0,1,1.0
30,1,90,74,47,42,1.0,1,1.0
30,4,164,54,19,23,1.0,1,1.0
31,1,90,75,47,42,1.0,1,1.0
31,4,165,54,19,24,1.0,1,1.0
31,14,107,30,9,14,1.0,1,1.0
32,1,89,74,48,42,1.0,1,1.0
32,4,166,54,19,24,1.0,1,1.0
32,14,107,29,9,14,1.0,1,1.0
33,1,90,76,48,43,1.0,1,1.0
33,4,167,55,20,23,1.0,1,1.0
33,14,108,28,10,17,1.0,1,1.0
34,1,90,76,49,44,1.0,1,1.0
34,4,168,55,21,23,1.0,1,1.0
34,14,109,28,11,16,1.0,1,1.0
35,1,91,77,50,43,1.0,1,1.0
35,4,170,55,20,25,1.0,1,1.0
35,14,112,28,9,16,1.0,1,1.0
35,15,69,92,24,19,1.0,1,1.0
36,1,93,77,50,44,1.0,1,1.0
36,4,173,56,21,24,1.0,1,1.0
37,1,88,79,51,45,1.0,1,1.0
37,4,170,59,21,24,1.0,1,1.0
37,16,66,95,24,19,1.0,1,1.0
37,17,216,1,11,4,1.0,1,1.0
37,18,110,31,10,16,1.0,1,1.0
38,1,85,77,51,45,1.0,1,1.0
38,4,168,57,19,24,1.0,1,1.0
38,16,62,92,25,20,1.0,1,1.0
38,19,76,23,16,12,1.0,1,1.0
39,1,84,78,52,46,1.0,1,1.0
39,4,168,58,21,24,1.0,1,1.0
39,19,76,24,16,13,1.0,1,1.0
39,20,109,32,9,14,1.0,1,1.0
40,1,83,80,54,46,1.0,1,1.0
40,4,169,61,21,23,1.0,1,1.0
40,19,77,25,15,14,1.0,1,1.0
40,21,172,61,34,22,1.0,1,1.0
41,1,83,81,54,47,1.0,1,1.0
41,4,170,61,21,24,1.0,1,1.0
41,22,110,34,9,13,1.0,1,1.0
42,1,85,81,54,47,1.0,1,1.0
42,4,172,61,21,24,1.0,1,1.0
42,23,79,26,16,14,1.0,1,1.0
43,1,85,81,55,48,1.0,1,1.0
43,4,174,62,21,24,1.0,1,1.0
43,23,81,26,16,15,1.0,1,1.0
43,24,62,98,26,21,1.0,1,1.0
43,25,114,33,9,15,1.0,1,1.0
44,1,85,77,55,48,1.0,1,1.0
44,4,175,56,22,26,1.0,1,1.0
44,26,115,28,10,16,1.0,1,1.0
44,27,82,22,16,14,1.0,1,1.0
45,1,84,78,57,48,1.0,1,1.0
45,4,176,57,22,25,1.0,1,1.0
45,26,116,28,10,16,1.0,1,1.0
45,27,82,22,17,14,1.0,1,1.0
46,1,84,80,56,48,1.0,1,1.0
46,4,177,57,23,26,1.0,1,1.0
46,26,116,31,9,15,1.0,1,1.0
46,27,82,24,17,14,1.0,1,1.0
47,1,82,81,57,50,1.0,1,1.0
47,4,177,58,21,26,1.0,1,1.0
47,26,115,32,10,15,1.0,1,1.0
48,1,80,85,58,49,1.0,1,1.0
48,4,177,62,21,26,1.0,1,1.0
48,26,115,35,10,16,1.0,1,1.0
48,28,80,27,19,16,1.0,1,1.0
49,1,82,86,58,50,1.0,1,1.0
49,4,179,64,21,26,1.0,1,1.0
49,26,117,37,9,15,1.0,1,1.0
50,1,81,85,59,51,1.0,1,1.0
50,4,180,63,22,26,1.0,1,1.0
50,26,118,36,11,15,1.0,1,1.0
50,29,56,101,31,24,1.0,1,1.0
50,30,83,28,20,16,1.0,1,1.0
51,1,83,86,61,52,1.0,1,1.0
51,4,184,64,21,26,1.0,1,1.0
51,30,86,28,20,16,1.0,1,1.0
51,31,122,37,11,15,1.0,1,1.0
52,1,85,87,61,52,1.0,1,1.0
52,4,187,65,22,26,1.0,1,1.0
52,30,89,28,20,16,1.0,1,1.0
52,31,125,37,10,15,1.0,1,1.0
53,1,82,86,61,53,1.0,1,1.0
53,4,185,64,21,26,1.0,1,1.0
54,1,80,85,62,54,1.0,1,1.0
54,4,185,63,21,26,1.0,1,1.0
54,32,122,36,10,14,1.0,1,1.0
55,1,79,86,63,53,1.0,1,1.0
55,4,185,63,22,26,1.0,1,1.0
55,32,122,36,10,14,1.0,1,1.0
56,1,78,87,63,54,1.0,1,1.0
56,4,186,66,21,24,1.0,1,1.0
56,32,122,36,10,15,1.0,1,1.0
57,1,77,88,64,55,1.0,1,1.0
57,4,187,67,21,25,1.0,1,1.0
57,32,122,38,10,14,1.0,1,1.0
58,1,78,89,64,53,1.0,1,1.0
58,4,189,68,20,24,1.0,1,1.0
59,1,78,89,65,55,1.0,1,1.0
59,4,191,67,21,26,1.0,1,1.0
59,33,126,38,11,15,1.0,1,1.0
60,1,77,89,66,56,1.0,1,1.0
60,4,191,67,21,26,1.0,1,1.0
60,33,126,38,10,15,1.0,1,1.0
61,1,75,89,66,57,1.0,1,1.0
61,4,191,66,23,27,1.0,1,1.0
61,33,126,38,10,14,1.0,1,1.0
62,1,73,89,67,58,1.0,1,1.0
62,4,190,66,23,27,1.0,1,1.0
63,1,72,91,69,58,1.0,1,1.0
63,4,192,69,23,26,1.0,1,1.0
63,34,45,108,35,27,1.0,1,1.0
64,1,73,92,70,58,1.0,1,1.0
64,4,195,69,22,27,1.0,1,1.0
64,34,45,109,36,27,1.0,1,1.0
65,1,73,94,70,59,1.0,1,1.0
65,4,197,72,22,24,1.0,1,1.0
65,34,45,111,36,27,1.0,1,1.0
66,1,71,97,73,59,1.0,1,1.0
66,4,197,74,23,27,1.0,1,1.0
66,34,44,114,36,27,1.0,1,1.0
67,1,70,101,72,61,1.0,1,1.0
67,4,196,80,24,26,1.0,1,1.0
67,34,42,119,36,28,1.0,1,1.0
67,35,178,1,11,4,1.0,1,1.0
68,1,67,103,73,61,1.0,1,1.0
68,4,196,80,24,27,1.0,1,1.0
68,34,39,120,37,29,1.0,1,1.0
69,1,67,104,73,60,1.0,1,1.0
69,4,198,81,23,27,1.0,1,1.0
69,34,38,121,37,28,1.0,1,1.0
69,36,131,52,10,14,1.0,1,1.0
70,1,67,104,74,62,1.0,1,1.0
70,4,199,81,25,27,1.0,1,1.0
70,34,38,121,38,30,1.0,1,1.0
71,1,66,98,75,63,1.0,1,1.0
71,4,201,75,24,27,1.0,1,1.0
71,34,37,116,39,28,1.0,1,1.0
72,1,66,99,75,63,1.0,1,1.0
72,4,201,75,26,28,1.0,1,1.0
72,34,36,116,39,29,1.0,1,1.0
72,37,96,39,21,14,1.0,1,1.0
72,38,134,46,11,14,1.0,1,1.0
73,1,65,101,77,64,1.0,1,1.0
73,4,203,78,23,26,1.0,1,1.0
73,34,34,118,40,30,1.0,1,1.0
74,1,63,103,78,64,1.0,1,1.0
74,4,203,81,23,25,1.0,1,1.0
74,34,31,120,41,31,1.0,1,1.0
75,1,61,103,78,65,1.0,1,1.0
75,4,203,81,23,25,1.0,1,1.0
75,34,29,120,41,31,1.0,1,1.0
76,1,59,104,79,65,1.0,1,1.0
76,4,202,81,24,26,1.0,1,1.0
76,34,26,121,43,31,1.0,1,1.0
77,1,59,104,81,66,1.0,1,1.0
77,4,204,81,25,27,1.0,1,1.0
77,34,25,121,44,32,1.0,1,1.0
78,1,60,105,81,66,1.0,1,1.0
78,4,206,83,25,26,1.0,1,1.0
78,34,25,123,45,31,1.0,1,1.0
79,1,61,104,81,66,1.0,1,1.0
79,4,209,81,25,27,1.0,1,1.0
79,34,25,122,46,31,1.0,1,1.0
80,1,60,106,83,68,1.0,1,1.0
80,4,211,82,25,27,1.0,1,1.0
81,1,60,109,83,69,1.0,1,1.0
81,4,213,85,25,28,1.0,1,1.0
81,39,104,48,33,19,1.0,1,1.0
82,1,58,108,84,70,1.0,1,1.0
82,4,213,84,24,28,1.0,1,1.0
82,39,103,48,22,18,1.0,1,1.0
83,1,57,107,85,71,1.0,1,1.0
83,4,214,83,26,29,1.0,1,1.0
83,39,104,48,21,17,1.0,1,1.0
84,1,57,110,85,70,1.0,1,1.0
84,4,216,86,25,28,1.0,1,1.0
84,39,106,50,21,16,1.0,1,1.0
85,1,59,110,87,71,1.0,1,1.0
85,4,221,85,25,29,1.0,1,1.0
86,1,61,111,86,72,1.0,1,1.0
86,4,222,87,27,27,1.0,1,1.0
86,40,111,49,35,19,1.0,1,1.0
87,1,64,112,87,73,1.0,1,1.0
87,4,228,88,25,28,1.0,1,1.0
87,40,116,51,36,18,1.0,1,1.0
88,1,59,112,89,74,1.0,1,1.0
88,4,226,88,25,28,1.0,1,1.0
88,40,113,51,34,18,1.0,1,1.0
89,1,55,113,91,75,1.0,1,1.0
89,4,225,90,25,29,1.0,1,1.0
89,40,112,52,32,18,1.0,1,1.0
90,1,50,116,91,75,1.0,1,1.0
90,4,222,91,25,29,1.0,1,1.0
90,40,109,54,36,19,1.0,1,1.0
91,1,47,116,93,77,1.0,1,1.0
91,4,221,93,26,29,1.0,1,1.0
91,40,108,54,39,20,1.0,1,1.0
92,1,46,116,95,78,1.0,1,1.0
92,4,223,93,27,29,1.0,1,1.0
92,41,10,136,50,37,1.0,1,1.0
93,1,46,119,95,77,1.0,1,1.0
93,4,225,95,26,28,1.0,1,1.0
93,41,11,138,49,37,1.0,1,1.0
94,1,45,122,99,79,1.0,1,1.0
94,4,229,99,26,29,1.0,1,1.0
95,1,47,124,98,79,1.0,1,1.0
95,4,232,100,26,29,1.0,1,1.0
95,42,117,61,25,18,1.0,1,1.0
96,1,47,124,99,79,1.0,1,1.0
96,4,233,99,27,30,1.0,1,1.0
97,1,44,124,101,79,1.0,1,1.0
97,4,233,99,28,30,1.0,1,1.0
97,43,247,1,12,4,1.0,1,1.0
97,44,119,61,26,18,1.0,1,1.0
98,1,41,125,102,80,1.0,1,1.0
98,4,233,99,27,30,1.0,1,1.0
99,1,39,125,103,82,1.0,1,1.0
99,4,233,100,27,30,1.0,1,1.0
99,45,118,62,30,18,1.0,1,1.0
100,1,37,127,104,82,1.0,1,1.0
100,4,235,102,26,30,1.0,1,1.0
100,45,118,63,23,17,1.0,1,1.0
101,1,36,129,107,83,1.0,1,1.0
101,4,238,105,26,30,1.0,1,1.0
102,1,34,130,110,83,1.0,1,1.0
102,4,240,106,26,30,1.0,1,1.0
102,46,120,66,25,17,1.0,1,1.0
103,1,31,131,112,84,1.0,1,1.0
103,4,240,107,27,29,1.0,1,1.0
104,1,27,127,114,86,1.0,1,1.0
104,4,238,104,28,29,1.0,1,1.0
105,1,24,129,117,86,1.0,1,1.0
105,4,240,105,27,30,1.0,1,1.0
106,1,22,129,117,85,1.0,1,1.0
106,4,241,105,27,30,1.0,1,1.0
106,47,122,64,26,18,1.0,1,1.0
107,1,18,130,122,88,1.0,1,1.0
107,4,242,106,27,30,1.0,1,1.0
108,1,15,130,125,88,1.0,1,1.0
108,4,244,106,26,30,1.0,1,1.0
109,1,17,130,123,89,1.0,1,1.0
109,4,245,106,26,30,1.0,1,1.0
109,48,124,65,31,18,1.0,1,1.0
109,49,11,153,31,34,1.0,1,1.0
110,1,25,131,114,90,1.0,1,1.0
110,4,247,107,27,30,1.0,1,1.0
110,48,126,66,23,18,1.0,1,1.0
111,1,15,131,126,92,1.0,1,1.0
111,4,249,108,27,30,1.0,1,1.0
111,50,127,66,40,20,1.0,1,1.0
111,51,178,20,21,9,1.0,1,1.0
112,1,13,132,127,92,1.0,1,1.0
112,4,250,109,27,30,1.0,1,1.0
112,50,128,67,38,19,1.0,1,1.0
112,51,178,20,21,8,1.0,1,1.0
112,52,128,67,23,16,1.0,1,1.0
112,53,13,156,27,23,1.0,1,1.0
113,1,12,132,128,92,1.0,1,1.0
113,4,251,109,27,30,1.0,1,1.0
113,50,129,67,36,17,1.0,1,1.0
114,1,12,132,128,93,1.0,1,1.0
114,4,252,109,28,30,1.0,1,1.0
114,50,131,66,33,19,1.0,1,1.0
115,1,14,135,128,94,1.0,1,1.0
115,4,255,112,28,30,1.0,1,1.0
115,50,134,70,29,18,1.0,1,1.0
116,1,18,136,128,95,1.0,1,1.0
116,4,260,112,28,30,1.0,1,1.0
116,50,138,70,36,19,1.0,1,1.0
117,1,20,137,126,95,1.0,1,1.0
117,4,263,114,28,30,1.0,1,1.0
117,50,140,71,34,18,1.0,1,1.0
118,1,21,138,126,97,1.0,1,1.0
118,4,265,116,28,29,1.0,1,1.0
118,50,141,72,25,18,1.0,1,1.0
119,1,21,140,126,98,1.0,1,1.0
119,4,267,116,27,31,1.0,1,1.0
119,50,142,74,25,18,1.0,1,1.0
120,1,19,143,125,97,1.0,1,1.0
120,4,266,119,28,30,1.0,1,1.0
120,50,142,75,32,19,1.0,1,1.0
121,1,17,143,124,97,1.0,1,1.0
121,4,264,119,28,30,1.0,1,1.0
122,1,16,143,124,99,1.0,1,1.0
122,4,264,119,28,30,1.0,1,1.0
122,54,189,23,22,11,1.0,1,1.0
123,1,17,144,124,99,1.0,1,1.0
123,4,267,120,27,30,1.0,1,1.0
123,54,191,23,22,11,1.0,1,1.0
123,55,141,77,25,17,1.0,1,1.0
124,1,14,144,124,100,1.0,1,1.0
124,4,265,120,28,30,1.0,1,1.0
124,54,188,22,22,12,1.0,1,1.0
124,55,139,76,25,19,1.0,1,1.0
125,1,14,146,123,101,1.0,1,1.0
125,4,265,122,28,30,1.0,1,1.0
125,54,188,24,22,11,1.0,1,1.0
125,55,138,78,39,19,1.0,1,1.0
126,1,14,147,122,102,1.0,1,1.0
126,4,267,123,28,31,1.0,1,1.0
126,54,190,24,22,11,1.0,1,1.0
126,55,139,79,26,18,1.0,1,1.0
127,1,14,147,121,102,1.0,1,1.0
127,4,267,122,28,32,1.0,1,1.0
127,54,190,23,22,12,1.0,1,1.0
128,1,12,149,121,103,1.0,1,1.0
128,4,266,125,29,30,1.0,1,1.0
128,54,189,25,22,11,1.0,1,1.0
129,1,12,151,123,106,1.0,1,1.0
129,4,268,129,28,29,1.0,1,1.0
129,54,190,27,22,12,1.0,1,1.0
129,56,141,84,25,18,1.0,1,1.0
130,1,12,150,121,105,1.0,1,1.0
130,4,269,127,28,30,1.0,1,1.0
130,54,190,25,23,11,1.0,1,1.0
130,56,141,82,33,19,1.0,1,1.0
131,1,13,153,120,105,1.0,1,1.0
131,4,271,130,28,29,1.0,1,1.0
131,54,192,27,22,11,1.0,1,1.0
132,1,15,155,119,107,1.0,1,1.0
132,4,273,132,29,30,1.0,1,1.0
132,54,194,28,23,12,1.0,1,1.0
133,1,14,155,119,108,1.0,1,1.0
133,4,273,132,29,30,1.0,1,1.0
133,54,194,28,23,11,1.0,1,1.0
133,57,145,86,43,19,1.0,1,1.0
134,1,14,156,119,110,1.0,1,1.0
134,4,275,133,29,31,1.0,1,1.0
134,54,195,27,23,13,1.0,1,1.0
135,1,16,157,118,111,1.0,1,1.0
135,4,278,134,28,31,1.0,1,1.0
135,54,197,29,23,12,1.0,1,1.0
