1,-1,56,27,99,72,1.0,1,1.0
2,-1,58,28,100,72,1.0,2,1.0
3,-1,59,30,101,72,1.0,1,1.0
4,-1,61,28,100,74,1.0,2,1.0
5,-1,62,29,101,73,1.0,1,1.0
6,-1,55,31,102,74,1.0,1,1.0
7,-1,54,31,102,74,1.0,1,1.0
8,-1,56,32,101,75,1.0,2,1.0
9,-1,56,32,101,74,1.0,2,1.0
10,-1,58,32,101,75,1.0,2,1.0
11,-1,57,31,103,75,1.0,2,1.0
12,-1,60,28,104,76,1.0,2,1.0
13,-1,58,28,104,77,1.0,1,1.0
14,-1,60,28,104,77,1.0,2,1.0
15,-1,63,29,104,77,1.0,2,1.0
16,-1,66,31,105,77,1.0,2,1.0
17,-1,66,32,106,78,1.0,1,1.0
18,-1,67,33,106,78,1.0,2,1.0
19,-1,67,34,107,79,1.0,2,1.0
20,-1,66,34,108,79,1.0,2,1.0
21,-1,66,36,109,79,1.0,1,1.0
22,-1,66,36,109,79,1.0,2,1.0
23,-1,62,34,111,81,1.0,1,1.0
24,-1,63,35,110,80,1.0,2,1.0
25,-1,62,37,111,81,1.0,1,1.0
26,-1,64,35,111,82,1.0,2,1.0
27,-1,63,36,112,82,1.0,1,1.0
28,-1,64,37,112,81,1.0,1,1.0
29,-1,68,38,113,82,1.0,1,1.0
30,-1,67,37,113,82,1.0,1,1.0
31,-1,66,36,114,83,1.0,1,1.0
32,-1,64,38,115,83,1.0,1,1.0
33,-1,66,40,115,83,1.0,1,1.0
34,-1,67,42,115,83,1.0,1,1.0
35,-1,62,44,117,85,1.0,1,1.0
36,-1,69,45,116,84,1.0,1,1.0
37,-1,70,41,118,86,1.0,1,1.0
38,-1,71,41,118,86,1.0,1,1.0
39,-1,70,42,120,85,1.0,1,1.0
40,-1,67,46,119,87,1.0,1,1.0
41,-1,68,48,118,86,1.0,1,1.0
42,-1,68,47,120,86,1.0,1,1.0
43,-1,69,42,122,88,1.0,1,1.0
44,-1,69,43,123,88,1.0,1,1.0
45,-1,71,44,124,89,1.0,1,1.0
46,-1,72,45,124,89,1.0,1,1.0
46,-1,21,201,210,102,1.0,1,1.0
47,-1,73,45,124,90,1.0,1,1.0
48,-1,75,45,124,90,1.0,1,1.0
49,-1,73,49,126,90,1.0,1,1.0
50,-1,76,47,125,91,1.0,1,1.0
51,-1,76,50,127,90,1.0,1,1.0
52,-1,77,53,125,90,1.0,1,1.0
53,-1,76,52,125,91,1.0,1,1.0
54,-1,76,52,126,92,1.0,1,1.0
55,-1,78,52,127,92,1.0,1,1.0
56,-1,77,52,129,93,1.0,1,1.0
56,-1,4,81,49,65,1.0,1,1.0
57,-1,79,52,130,94,1.0,1,1.0
57,-1,5,81,50,67,1.0,1,1.0
57,-1,22,225,207,101,1.0,1,1.0
58,-1,79,51,131,93,1.0,1,1.0
58,-1,6,79,52,69,1.0,1,1.0
59,-1,81,55,130,95,1.0,1,1.0
59,-1,6,82,54,72,1.0,1,1.0
60,-1,81,56,130,95,1.0,1,1.0
60,-1,5,82,56,75,1.0,1,1.0
60,-1,23,229,200,104,1.0,1,1.0
61,-1,82,57,131,96,1.0,1,1.0
61,-1,6,83,56,77,1.0,1,1.0
62,-1,82,60,132,95,1.0,1,1.0
62,-1,5,84,59,80,1.0,1,1.0
63,-1,79,60,134,95,1.0,1,1.0
63,-1,4,82,61,83,1.0,1,1.0
64,-1,79,60,134,96,1.0,1,1.0
64,-1,2,82,64,85,1.0,1,1.0
65,-1,81,60,134,96,1.0,1,1.0
65,-1,3,81,65,87,1.0,1,1.0
66,-1,83,62,134,96,1.0,1,1.0
66,-1,4,82,67,91,1.0,1,1.0
67,-1,82,63,135,96,1.0,1,1.0
67,-1,3,83,69,93,1.0,1,1.0
68,-1,81,63,136,97,1.0,1,1.0
68,-1,2,83,71,96,1.0,1,1.0
69,-1,82,63,135,99,1.0,1,1.0
69,-1,2,84,72,97,1.0,1,1.0
70,-1,84,62,136,99,1.0,1,1.0
70,-1,4,83,74,99,1.0,1,1.0
71,-1,85,62,137,98,1.0,1,1.0
71,-1,5,84,76,99,1.0,1,1.0
72,-1,88,62,136,99,1.0,1,1.0
72,-1,7,87,76,97,1.0,1,1.0
73,-1,88,63,138,100,1.0,1,1.0
73,-1,7,88,79,100,1.0,1,1.0
74,-1,88,65,137,99,1.0,1,1.0
74,-1,7,92,80,98,1.0,1,1.0
75,-1,87,66,139,100,1.0,1,1.0
75,-1,6,94,81,99,1.0,1,1.0
76,-1,88,66,139,100,1.0,1,1.0
76,-1,5,90,86,106,1.0,1,1.0
77,-1,89,68,140,100,1.0,1,1.0
77,-1,7,93,86,105,1.0,1,1.0
78,-1,93,67,140,102,1.0,1,1.0
78,-1,10,88,87,114,1.0,1,1.0
79,-1,95,68,140,101,1.0,1,1.0
79,-1,12,90,90,112,1.0,1,1.0
80,-1,94,66,141,102,1.0,1,1.0
80,-1,11,89,94,114,1.0,1,1.0
81,-1,97,68,143,102,1.0,1,1.0
81,-1,12,91,97,115,1.0,1,1.0
82,-1,99,68,141,102,1.0,1,1.0
82,-1,12,92,99,116,1.0,1,1.0
83,-1,97,68,143,103,1.0,1,1.0
83,-1,11,93,102,118,1.0,1,1.0
84,-1,93,67,147,104,1.0,1,1.0
84,-1,8,93,105,121,1.0,1,1.0
85,-1,89,70,150,103,1.0,1,1.0
85,-1,7,96,107,121,1.0,1,1.0
86,-1,92,71,147,104,1.0,1,1.0
86,-1,5,98,111,122,1.0,1,1.0
87,-1,93,70,148,105,1.0,1,1.0
87,-1,8,99,111,123,1.0,1,1.0
88,-1,95,69,148,105,1.0,1,1.0
88,-1,8,98,116,121,1.0,1,1.0
89,-1,95,68,149,105,1.0,1,1.0
89,-1,8,98,119,124,1.0,1,1.0
89,-1,48,120,29,30,1.0,1,1.0
90,-1,97,70,147,104,1.0,1,1.0
90,-1,9,100,121,124,1.0,1,1.0
91,-1,97,70,149,105,1.0,1,1.0
91,-1,10,102,123,125,1.0,1,1.0
92,-1,99,71,149,106,1.0,1,1.0
92,-1,10,104,126,126,1.0,1,1.0
93,-1,100,72,147,106,1.0,1,1.0
93,-1,10,106,129,127,1.0,1,1.0
94,-1,101,72,147,107,1.0,1,1.0
94,-1,11,107,131,129,1.0,1,1.0
95,-1,102,73,148,107,1.0,1,1.0
95,-1,12,108,133,130,1.0,1,1.0
95,-1,34,196,33,34,1.0,1,1.0
96,-1,101,72,148,108,1.0,1,1.0
96,-1,12,108,135,133,1.0,1,1.0
97,-1,103,75,145,106,1.0,1,1.0
97,-1,13,111,136,133,1.0,1,1.0
98,-1,102,74,149,108,1.0,1,1.0
98,-1,14,112,139,136,1.0,1,1.0
99,-1,104,76,146,107,1.0,1,1.0
99,-1,16,114,140,137,1.0,1,1.0
100,-1,103,76,149,107,1.0,1,1.0
100,-1,19,115,142,137,1.0,1,1.0
101,-1,106,77,148,107,1.0,1,1.0
101,-1,22,117,145,140,1.0,1,1.0
102,-1,107,76,148,108,1.0,1,1.0
102,-1,24,117,146,141,1.0,1,1.0
103,-1,110,77,148,108,1.0,1,1.0
103,-1,28,118,147,143,1.0,1,1.0
104,-1,107,78,151,108,1.0,1,1.0
104,-1,30,120,149,143,1.0,1,1.0
105,-1,109,79,149,108,1.0,1,1.0
105,-1,31,122,152,145,1.0,1,1.0
106,-1,111,81,145,108,1.0,1,1.0
106,-1,32,124,153,147,1.0,1,1.0
107,-1,107,81,151,109,1.0,1,1.0
107,-1,34,125,155,150,1.0,1,1.0
108,-1,107,83,150,109,1.0,1,1.0
108,-1,35,128,158,152,1.0,1,1.0
109,-1,106,83,153,109,1.0,1,1.0
109,-1,37,128,160,154,1.0,1,1.0
109,-1,88,152,39,43,1.0,1,1.0
110,-1,103,81,155,109,1.0,1,1.0
110,-1,37,127,162,156,1.0,1,1.0
111,-1,108,82,149,109,1.0,1,1.0
111,-1,39,127,162,158,1.0,1,1.0
112,-1,106,82,152,110,1.0,1,1.0
112,-1,42,127,163,163,1.0,1,1.0
113,-1,100,83,160,110,1.0,1,1.0
113,-1,44,131,166,161,1.0,1,1.0
114,-1,99,83,162,111,1.0,1,1.0
114,-1,46,133,168,162,1.0,1,1.0
115,-1,102,82,161,110,1.0,1,1.0
115,-1,51,133,169,163,1.0,1,1.0
116,-1,103,82,159,104,1.0,1,1.0
116,-1,52,135,172,165,1.0,1,1.0
117,-1,104,83,159,103,1.0,1,1.0
117,-1,54,137,175,166,1.0,1,1.0
118,-1,105,83,158,103,1.0,1,1.0
118,-1,55,139,179,166,1.0,1,1.0
118,-1,115,164,41,45,1.0,1,1.0
119,-1,105,82,158,105,1.0,1,1.0
119,-1,55,138,181,172,1.0,1,1.0
120,-1,104,82,159,105,1.0,1,1.0
120,-1,57,138,183,173,1.0,1,1.0
120,-1,119,165,45,45,1.0,1,1.0
121,-1,105,82,158,103,1.0,1,1.0
121,-1,60,139,184,175,1.0,1,1.0
121,-1,122,166,44,47,1.0,2,1.0
122,-1,107,83,157,104,1.0,1,1.0
122,-1,63,141,186,176,1.0,1,1.0
122,-1,126,167,43,47,1.0,2,1.0
123,-1,105,82,160,105,1.0,1,1.0
123,-1,69,142,184,177,1.0,1,1.0
123,-1,132,168,42,45,1.0,2,1.0
124,-1,109,83,154,105,1.0,1,1.0
124,-1,69,142,191,182,1.0,1,1.0
124,-1,136,168,41,47,1.0,2,1.0
125,-1,104,83,160,103,1.0,1,1.0
125,-1,71,143,194,184,1.0,1,1.0
125,-1,135,170,47,52,1.0,2,1.0
126,-1,103,84,162,103,1.0,1,1.0
126,-1,75,145,193,185,1.0,1,1.0
126,-1,142,172,42,49,1.0,2,1.0
127,-1,103,82,161,103,1.0,1,1.0
127,-1,76,145,195,186,1.0,1,1.0
127,-1,145,173,39,46,1.0,2,1.0
128,-1,105,83,159,102,1.0,1,1.0
128,-1,78,147,199,188,1.0,1,1.0
128,-1,148,175,43,52,1.0,2,1.0
129,-1,103,84,161,101,1.0,1,1.0
129,-1,81,149,202,190,1.0,1,1.0
129,-1,152,178,48,53,1.0,2,1.0
130,-1,106,84,159,100,1.0,1,1.0
130,-1,84,150,205,193,1.0,1,1.0
130,-1,156,180,48,50,1.0,2,1.0
131,-1,110,84,154,99,1.0,1,1.0
131,-1,87,151,210,195,1.0,1,1.0
131,-1,162,186,43,43,1.0,2,1.0
132,-1,110,85,154,96,1.0,1,1.0
132,-1,88,152,217,198,1.0,1,1.0
132,-1,162,182,50,53,1.0,2,1.0
133,-1,111,85,154,96,1.0,1,1.0
133,-1,91,153,218,203,1.0,1,1.0
133,-1,169,189,49,51,1.0,2,1.0
134,-1,111,85,155,96,1.0,1,1.0
134,-1,93,155,224,206,1.0,1,1.0
134,-1,170,187,52,54,1.0,2,1.0
135,-1,111,86,156,95,1.0,1,1.0
135,-1,97,157,214,210,1.0,1,1.0
136,-1,111,86,156,94,1.0,1,1.0
136,-1,99,158,221,214,1.0,1,1.0
136,-1,183,191,53,51,1.0,1,1.0
137,-1,111,89,155,93,1.0,1,1.0
137,-1,98,161,230,218,1.0,1,1.0
138,-1,111,89,154,92,1.0,1,1.0
138,-1,101,162,227,219,1.0,1,1.0
139,-1,111,88,156,93,1.0,1,1.0
139,-1,107,162,221,218,1.0,1,1.0
140,-1,113,89,155,92,1.0,1,1.0
140,-1,110,165,218,215,1.0,1,1.0
141,-1,113,88,156,92,1.0,1,1.0
141,-1,114,165,217,213,1.0,1,1.0
142,-1,113,89,155,90,1.0,1,1.0
142,-1,116,165,215,211,1.0,1,1.0
143,-1,113,88,155,91,1.0,1,1.0
143,-1,120,167,211,210,1.0,1,1.0
144,-1,113,88,155,91,1.0,1,1.0
144,-1,120,169,212,208,1.0,1,1.0
145,-1,113,87,154,92,1.0,1,1.0
145,-1,121,170,211,205,1.0,1,1.0
146,-1,114,89,155,91,1.0,1,1.0
146,-1,132,172,201,203,1.0,1,1.0
147,-1,114,88,155,92,1.0,1,1.0
147,-1,135,172,199,202,1.0,1,1.0
148,-1,114,88,152,93,1.0,1,1.0
148,-1,141,174,193,201,1.0,1,1.0
149,-1,114,88,156,95,1.0,1,1.0
149,-1,146,174,189,200,1.0,1,1.0
150,-1,114,88,155,97,1.0,1,1.0
150,-1,147,175,187,199,1.0,1,1.0
151,-1,114,89,154,98,1.0,1,1.0
151,-1,151,176,184,198,1.0,1,1.0
152,-1,113,89,155,101,1.0,1,1.0
152,-1,155,177,177,196,1.0,1,1.0
153,-1,114,89,155,104,1.0,1,1.0
153,-1,159,177,174,197,1.0,1,1.0
154,-1,113,91,155,106,1.0,1,1.0
154,-1,164,180,168,195,1.0,1,1.0
155,-1,115,89,154,110,1.0,2,1.0
155,-1,168,180,166,193,1.0,1,1.0
156,-1,113,89,155,111,1.0,1,1.0
156,-1,172,181,162,191,1.0,1,1.0
157,-1,113,89,155,113,1.0,1,1.0
157,-1,178,184,155,190,1.0,1,1.0
158,-1,114,90,153,112,1.0,2,1.0
158,-1,182,187,150,189,1.0,1,1.0
159,-1,111,90,157,113,1.0,1,1.0
159,-1,187,186,144,186,1.0,1,1.0
160,-1,113,90,155,113,1.0,2,1.0
160,-1,190,187,143,192,1.0,1,1.0
161,-1,111,89,156,113,1.0,1,1.0
161,-1,195,186,138,194,1.0,1,1.0
162,-1,114,90,154,112,1.0,2,1.0
162,-1,200,188,133,193,1.0,1,1.0
163,-1,114,90,153,112,1.0,2,1.0
163,-1,206,190,127,193,1.0,1,1.0
164,-1,113,90,155,112,1.0,2,1.0
164,-1,211,190,122,191,1.0,1,1.0
165,-1,113,90,155,112,1.0,2,1.0
165,-1,218,192,116,189,1.0,1,1.0
