1,1,2158,1041,182,201,1.0,1,1.0
2,1,2159,1038,182,203,1.0,1,1.0
3,1,2159,1036,183,204,1.0,1,1.0
4,1,2159,1033,184,204,1.0,1,1.0
5,1,2160,1032,183,206,1.0,1,1.0
6,1,2160,1029,185,206,1.0,1,1.0
7,1,2161,1025,185,209,1.0,1,1.0
8,1,2161,1022,186,209,1.0,1,1.0
9,1,2161,1019,187,210,1.0,1,1.0
10,1,2162,1016,187,210,1.0,1,1.0
11,1,2163,1013,188,211,1.0,1,1.0
12,1,2163,1010,191,213,1.0,1,1.0
13,1,2164,1004,191,216,1.0,1,1.0
14,1,2165,1001,192,217,1.0,1,1.0
15,1,2166,998,192,217,1.0,1,1.0
16,1,2166,995,192,219,1.0,1,1.0
17,1,2167,992,193,219,1.0,1,1.0
18,1,2168,990,193,219,1.0,1,1.0
19,1,2169,987,193,219,1.0,1,1.0
20,1,2170,985,194,219,1.0,1,1.0
21,1,2170,982,195,221,1.0,1,1.0
22,1,2171,979,196,222,1.0,1,1.0
23,1,2172,976,196,223,1.0,1,1.0
24,1,2173,975,196,223,1.0,1,1.0
25,1,2174,975,197,224,1.0,1,1.0
26,1,2174,973,197,225,1.0,1,1.0
27,1,2175,971,198,225,1.0,1,1.0
28,1,2175,969,198,225,1.0,1,1.0
29,1,2175,967,198,225,1.0,1,1.0
30,1,2175,962,200,228,1.0,1,1.0
31,1,2176,959,201,228,1.0,1,1.0
32,1,2176,956,202,228,1.0,1,1.0
33,1,2177,954,202,228,1.0,1,1.0
34,1,2177,951,204,230,1.0,1,1.0
35,1,2179,948,204,229,1.0,1,1.0
36,1,2178,947,205,229,1.0,1,1.0
37,1,2179,945,207,229,1.0,1,1.0
38,1,2181,943,207,230,1.0,1,1.0
39,1,2181,941,208,231,1.0,1,1.0
40,1,2182,938,208,233,1.0,1,1.0
41,1,2182,935,210,235,1.0,1,1.0
42,1,2183,932,211,237,1.0,1,1.0
43,1,2183,930,213,237,1.0,1,1.0
44,1,2184,927,213,238,1.0,1,1.0
45,1,2185,924,213,239,1.0,1,1.0
46,1,2186,921,214,241,1.0,1,1.0
47,1,2187,918,213,242,1.0,1,1.0
48,1,2188,916,214,242,1.0,1,1.0
49,1,2188,914,217,242,1.0,1,1.0
50,1,2188,909,218,244,1.0,1,1.0
51,1,2189,906,219,243,1.0,1,1.0
52,1,2190,902,217,243,1.0,1,1.0
53,1,2192,898,218,246,1.0,1,1.0
54,1,2192,894,220,248,1.0,1,1.0
55,1,2194,890,219,249,1.0,1,1.0
56,1,2194,887,220,250,1.0,1,1.0
57,1,2196,884,219,250,1.0,1,1.0
57,2,3036,1410,50,70,1.0,1,1.0
58,1,2192,881,221,250,1.0,1,1.0
59,1,2193,879,223,251,1.0,1,1.0
60,1,2196,876,222,252,1.0,1,1.0
61,1,2197,874,223,253,1.0,1,1.0
62,1,2197,871,224,254,1.0,1,1.0
63,1,2198,869,224,254,1.0,1,1.0
64,1,2198,865,226,255,1.0,1,1.0
65,1,2199,862,226,256,1.0,1,1.0
66,1,2201,858,226,257,1.0,1,1.0
67,1,2202,855,226,257,1.0,1,1.0
68,1,2202,853,227,257,1.0,1,1.0
69,1,2203,850,228,258,1.0,1,1.0
70,1,2204,849,229,257,1.0,1,1.0
71,1,2205,847,230,258,1.0,1,1.0
72,1,2206,845,231,257,1.0,1,1.0
73,1,2206,842,232,258,1.0,1,1.0
74,1,2207,839,231,258,1.0,1,1.0
75,1,2208,835,232,260,1.0,1,1.0
76,1,2210,829,231,263,1.0,1,1.0
77,1,2211,826,232,265,1.0,1,1.0
78,1,2212,824,233,264,1.0,1,1.0
79,1,2213,822,234,264,1.0,1,1.0
80,1,2213,820,236,265,1.0,1,1.0
81,1,2215,818,235,264,1.0,1,1.0
82,1,2215,814,237,267,1.0,1,1.0
83,1,2216,811,237,267,1.0,1,1.0
84,1,2217,806,238,270,1.0,1,1.0
85,1,2221,802,242,266,1.0,1,1.0
86,1,2221,799,243,266,1.0,1,1.0
87,1,2220,792,242,275,1.0,1,1.0
88,1,2222,789,243,276,1.0,1,1.0
89,1,2224,787,243,277,1.0,1,1.0
90,1,2224,784,245,276,1.0,1,1.0
91,1,2225,779,244,280,1.0,1,1.0
92,1,2225,776,246,281,1.0,1,1.0
93,1,2226,772,247,280,1.0,1,1.0
94,1,2227,768,248,281,1.0,1,1.0
95,1,2228,759,249,286,1.0,1,1.0
96,1,2230,753,249,288,1.0,1,1.0
97,1,2233,755,249,283,1.0,1,1.0
98,1,2235,751,251,286,1.0,1,1.0
99,1,2237,746,252,290,1.0,1,1.0
100,1,2237,743,253,291,1.0,1,1.0
101,1,2241,739,248,300,1.0,1,1.0
102,1,2242,736,249,300,1.0,1,1.0
103,1,2242,733,250,301,1.0,1,1.0
104,1,2244,730,251,302,1.0,1,1.0
105,1,2244,725,252,302,1.0,1,1.0
106,1,2245,722,253,303,1.0,1,1.0
107,1,2246,720,254,302,1.0,1,1.0
108,1,2247,718,254,303,1.0,1,1.0
109,1,2248,720,256,300,1.0,1,1.0
110,1,2248,716,258,301,1.0,1,1.0
111,1,2250,716,257,297,1.0,1,1.0
112,1,2252,713,257,297,1.0,1,1.0
113,1,2252,711,258,297,1.0,1,1.0
114,1,2252,709,261,297,1.0,1,1.0
115,1,2254,707,261,296,1.0,1,1.0
116,1,2255,704,261,299,1.0,1,1.0
117,1,2257,700,261,302,1.0,1,1.0
118,1,2258,700,263,301,1.0,1,1.0
119,1,2260,697,264,302,1.0,1,1.0
120,1,2261,694,265,303,1.0,1,1.0
121,1,2263,693,264,302,1.0,1,1.0
122,1,2264,690,265,303,1.0,1,1.0
123,1,2264,686,266,305,1.0,1,1.0
124,1,2266,683,266,306,1.0,1,1.0
125,1,2268,679,266,308,1.0,1,1.0
126,1,2269,678,268,309,1.0,1,1.0
127,1,2271,675,268,311,1.0,1,1.0
128,1,2274,672,267,312,1.0,1,1.0
129,1,2276,669,267,313,1.0,1,1.0
130,1,2278,664,267,316,1.0,1,1.0
131,1,2279,661,269,318,1.0,1,1.0
132,1,2280,657,271,321,1.0,1,1.0
133,1,2281,656,273,321,1.0,1,1.0
134,1,2282,654,274,323,1.0,1,1.0
135,1,2283,652,277,324,1.0,1,1.0
136,1,2284,650,278,325,1.0,1,1.0
137,1,2284,647,282,328,1.0,1,1.0
138,1,2286,645,282,327,1.0,1,1.0
139,1,2287,642,284,327,1.0,1,1.0
140,1,2289,639,284,326,1.0,1,1.0
141,1,2289,637,286,326,1.0,1,1.0
142,1,2289,635,288,328,1.0,1,1.0
143,1,2290,632,291,329,1.0,1,1.0
144,1,2286,629,290,330,1.0,1,1.0
145,1,2288,625,290,331,1.0,1,1.0
146,1,2288,621,293,331,1.0,1,1.0
147,1,2288,618,295,332,1.0,1,1.0
148,1,2291,614,294,334,1.0,1,1.0
149,1,2293,613,294,334,1.0,1,1.0
150,1,2294,611,295,335,1.0,1,1.0
151,1,2296,609,296,335,1.0,1,1.0
152,1,2296,606,298,336,1.0,1,1.0
153,1,2297,604,299,337,1.0,1,1.0
154,1,2297,599,301,342,1.0,1,1.0
155,1,2302,593,296,349,1.0,1,1.0
156,1,2304,590,296,351,1.0,1,1.0
157,1,2306,586,296,355,1.0,1,1.0
158,1,2308,584,296,357,1.0,1,1.0
159,1,2310,581,296,358,1.0,1,1.0
160,1,2310,577,297,359,1.0,1,1.0
161,1,2311,574,298,360,1.0,1,1.0
162,1,2311,571,301,359,1.0,1,1.0
163,1,2313,569,302,359,1.0,1,1.0
164,1,2314,564,303,360,1.0,1,1.0
165,1,2316,562,303,360,1.0,1,1.0
166,1,2318,559,303,360,1.0,1,1.0
166,3,3182,1540,70,217,1.0,1,1.0
167,1,2321,555,303,362,1.0,1,1.0
168,1,2324,552,302,363,1.0,1,1.0
168,4,3180,1546,72,204,1.0,1,1.0
169,1,2326,548,303,364,1.0,1,1.0
170,1,2326,543,306,364,1.0,1,1.0
171,1,2327,539,307,365,1.0,1,1.0
172,1,2328,536,308,365,1.0,1,1.0
173,1,2330,533,308,366,1.0,1,1.0
174,1,2331,529,309,368,1.0,1,1.0
175,1,2331,526,311,368,1.0,1,1.0
176,1,2333,523,310,368,1.0,1,1.0
177,1,2335,519,311,368,1.0,1,1.0
178,1,2337,515,311,369,1.0,1,1.0
179,1,2338,512,312,370,1.0,1,1.0
180,1,2338,510,315,370,1.0,1,1.0
181,1,2339,508,315,371,1.0,1,1.0
182,1,2340,504,316,374,1.0,1,1.0
183,1,2341,500,317,375,1.0,1,1.0
184,1,2341,495,320,375,1.0,1,1.0
185,1,2341,491,323,377,1.0,1,1.0
186,1,2342,486,324,380,1.0,1,1.0
187,1,2344,481,324,382,1.0,1,1.0
188,1,2346,477,325,385,1.0,1,1.0
189,1,2347,474,326,387,1.0,1,1.0
190,1,2347,471,328,387,1.0,1,1.0
191,1,2348,467,329,387,1.0,1,1.0
192,1,2347,462,332,390,1.0,1,1.0
193,1,2349,458,332,392,1.0,1,1.0
194,1,2350,455,333,394,1.0,1,1.0
195,1,2352,453,333,395,1.0,1,1.0
196,1,2355,450,333,396,1.0,1,1.0
197,1,2356,447,334,396,1.0,1,1.0
198,1,2358,443,334,396,1.0,1,1.0
199,1,2361,444,329,394,1.0,1,1.0
200,1,2361,441,331,394,1.0,1,1.0
201,1,2362,439,331,393,1.0,1,1.0
202,1,2362,437,333,394,1.0,1,1.0
203,1,2364,436,333,393,1.0,1,1.0
204,1,2365,434,334,393,1.0,1,1.0
205,1,2366,431,334,395,1.0,1,1.0
206,1,2367,428,334,395,1.0,1,1.0
207,1,2368,425,333,396,1.0,1,1.0
208,1,2369,423,334,397,1.0,1,1.0
209,1,2371,420,335,399,1.0,1,1.0
210,1,2371,418,337,401,1.0,1,1.0
211,1,2372,416,339,402,1.0,1,1.0
212,1,2372,414,340,403,1.0,1,1.0
213,1,2373,410,340,405,1.0,1,1.0
214,1,2375,406,341,408,1.0,1,1.0
215,1,2376,403,340,409,1.0,1,1.0
216,1,2378,400,342,412,1.0,1,1.0
217,1,2379,397,342,413,1.0,1,1.0
218,1,2380,396,343,413,1.0,1,1.0
219,1,2380,395,345,413,1.0,1,1.0
220,1,2381,393,345,413,1.0,1,1.0
221,1,2381,387,346,418,1.0,1,1.0
222,1,2380,385,348,418,1.0,1,1.0
223,1,2381,383,348,420,1.0,1,1.0
224,1,2382,379,349,424,1.0,1,1.0
225,1,2383,378,350,424,1.0,1,1.0
226,1,2384,376,351,421,1.0,1,1.0
227,1,2384,374,352,420,1.0,1,1.0
228,1,2384,371,353,420,1.0,1,1.0
229,1,2386,368,353,423,1.0,1,1.0
230,1,2388,366,353,424,1.0,1,1.0
231,1,2390,364,353,425,1.0,1,1.0
232,1,2390,363,354,426,1.0,1,1.0
233,1,2391,361,354,426,1.0,1,1.0
234,1,2391,360,353,424,1.0,1,1.0
235,1,2390,358,354,423,1.0,1,1.0
236,1,2391,356,354,423,1.0,1,1.0
237,1,2392,354,354,422,1.0,1,1.0
238,1,2393,353,354,422,1.0,1,1.0
239,1,2393,353,355,422,1.0,1,1.0
240,1,2394,352,354,421,1.0,1,1.0
241,1,2394,349,355,422,1.0,1,1.0
242,1,2396,347,354,422,1.0,1,1.0
243,1,2396,344,355,425,1.0,1,1.0
244,1,2397,342,355,426,1.0,1,1.0
245,1,2398,341,356,427,1.0,1,1.0
246,1,2398,340,356,428,1.0,1,1.0
247,1,2399,339,356,429,1.0,1,1.0
248,1,2399,338,357,428,1.0,1,1.0
249,1,2399,335,358,429,1.0,1,1.0
250,1,2399,334,358,429,1.0,1,1.0
251,1,2400,333,358,430,1.0,1,1.0
252,1,2400,332,359,431,1.0,1,1.0
253,1,2401,332,359,431,1.0,1,1.0
254,1,2401,331,359,432,1.0,1,1.0
255,1,2401,331,360,432,1.0,1,1.0
255,5,3172,1357,96,116,1.0,1,1.0
256,1,2401,330,360,433,1.0,1,1.0
257,1,2401,328,360,434,1.0,1,1.0
258,1,2401,328,361,434,1.0,1,1.0
259,1,2401,327,362,435,1.0,1,1.0
260,1,2402,328,362,434,1.0,1,1.0
261,1,2402,328,362,435,1.0,1,1.0
262,1,2402,328,362,435,1.0,1,1.0
263,1,2401,327,363,434,1.0,1,1.0
264,1,2401,326,363,434,1.0,1,1.0
265,1,2401,326,363,434,1.0,1,1.0
266,1,2402,326,362,435,1.0,1,1.0
267,1,2402,327,363,434,1.0,1,1.0
268,1,2402,328,363,434,1.0,1,1.0
269,1,2402,328,362,434,1.0,1,1.0
270,1,2401,327,363,433,1.0,1,1.0
