1,1,2047,1009,190,212,1.0,1,1.0
2,1,2048,1005,191,214,1.0,1,1.0
3,1,2049,1002,192,214,1.0,1,1.0
4,1,2050,1000,193,214,1.0,1,1.0
5,1,2051,996,193,215,1.0,1,1.0
6,1,2053,992,193,214,1.0,1,1.0
7,1,2054,989,193,215,1.0,1,1.0
8,1,2052,985,196,213,1.0,1,1.0
9,1,2054,983,197,213,1.0,1,1.0
10,1,2056,980,197,217,1.0,1,1.0
11,1,2058,979,196,218,1.0,1,1.0
12,1,2060,974,197,221,1.0,1,1.0
13,1,2061,971,199,223,1.0,1,1.0
14,1,2062,967,199,224,1.0,1,1.0
15,1,2062,962,202,226,1.0,1,1.0
16,1,2064,957,203,230,1.0,1,1.0
17,1,2065,954,204,231,1.0,1,1.0
18,1,2066,949,206,233,1.0,1,1.0
19,1,2068,946,206,232,1.0,1,1.0
20,1,2069,942,207,233,1.0,1,1.0
21,1,2069,938,210,234,1.0,1,1.0
22,1,2072,936,208,232,1.0,1,1.0
23,1,2073,933,209,231,1.0,1,1.0
24,1,2076,930,207,232,1.0,1,1.0
25,1,2077,925,208,236,1.0,1,1.0
26,1,2078,920,209,239,1.0,1,1.0
27,1,2079,919,211,238,1.0,1,1.0
28,1,2080,917,212,238,1.0,1,1.0
29,1,2081,913,213,239,1.0,1,1.0
30,1,2082,910,214,239,1.0,1,1.0
31,1,2084,904,213,241,1.0,1,1.0
31,2,2085,1029,215,121,1.0,1,1.0
32,1,2086,900,216,242,1.0,1,1.0
33,1,2088,894,217,245,1.0,1,1.0
34,1,2088,888,218,248,1.0,1,1.0
35,1,2089,884,220,248,1.0,1,1.0
36,1,2091,882,221,247,1.0,1,1.0
37,1,2091,876,222,250,1.0,1,1.0
38,1,2092,870,224,253,1.0,1,1.0
39,1,2096,865,223,254,1.0,1,1.0
40,1,2098,860,224,256,1.0,1,1.0
41,1,2100,856,226,256,1.0,1,1.0
42,1,2102,852,229,255,1.0,1,1.0
43,1,2104,848,228,256,1.0,1,1.0
44,1,2106,845,231,257,1.0,1,1.0
45,1,2109,837,231,260,1.0,1,1.0
46,1,2109,833,235,262,1.0,1,1.0
47,1,2110,828,235,264,1.0,1,1.0
48,1,2112,823,234,265,1.0,1,1.0
49,1,2113,819,234,266,1.0,1,1.0
50,1,2114,813,236,267,1.0,1,1.0
51,1,2118,809,235,268,1.0,1,1.0
52,1,2119,805,236,270,1.0,1,1.0
53,1,2120,800,239,269,1.0,1,1.0
54,1,2121,797,241,267,1.0,1,1.0
55,1,2122,793,244,268,1.0,1,1.0
56,1,2124,786,245,271,1.0,1,1.0
57,1,2124,779,247,275,1.0,1,1.0
58,1,2126,774,249,275,1.0,1,1.0
59,1,2128,768,249,278,1.0,1,1.0
60,1,2130,758,251,282,1.0,1,1.0
61,1,2133,758,252,279,1.0,1,1.0
62,1,2136,755,253,280,1.0,1,1.0
63,1,2139,747,253,286,1.0,1,1.0
64,1,2141,741,254,287,1.0,1,1.0
65,1,2143,733,255,289,1.0,1,1.0
66,1,2146,728,256,292,1.0,1,1.0
67,1,2148,730,258,289,1.0,1,1.0
68,1,2150,728,259,289,1.0,1,1.0
69,1,2153,724,260,289,1.0,1,1.0
70,1,2155,719,263,291,1.0,1,1.0
71,1,2157,712,263,295,1.0,1,1.0
72,1,2159,706,263,298,1.0,1,1.0
73,1,2161,699,263,299,1.0,1,1.0
74,1,2165,694,263,301,1.0,1,1.0
75,1,2167,692,264,302,1.0,1,1.0
76,1,2168,690,268,304,1.0,1,1.0
77,1,2174,689,263,303,1.0,1,1.0
78,1,2178,684,262,307,1.0,1,1.0
79,1,2180,680,264,308,1.0,1,1.0
80,1,2183,675,265,311,1.0,1,1.0
81,1,2185,670,266,313,1.0,1,1.0
82,1,2187,666,267,313,1.0,1,1.0
83,1,2189,661,269,317,1.0,1,1.0
84,1,2190,659,273,318,1.0,1,1.0
85,1,2192,654,276,321,1.0,1,1.0
86,1,2195,652,276,321,1.0,1,1.0
87,1,2198,650,278,320,1.0,1,1.0
88,1,2201,643,279,325,1.0,1,1.0
89,1,2205,639,279,327,1.0,1,1.0
90,1,2208,634,279,330,1.0,1,1.0
91,1,2213,629,278,335,1.0,1,1.0
92,1,2215,624,280,339,1.0,1,1.0
93,1,2217,618,282,342,1.0,1,1.0
94,1,2217,614,285,345,1.0,1,1.0
95,1,2217,608,288,347,1.0,1,1.0
96,1,2218,601,289,350,1.0,1,1.0
97,1,2219,596,291,353,1.0,1,1.0
98,1,2221,592,293,356,1.0,1,1.0
99,1,2226,591,294,358,1.0,1,1.0
100,1,2228,587,296,358,1.0,1,1.0
101,1,2231,585,296,354,1.0,1,1.0
102,1,2233,580,298,356,1.0,1,1.0
103,1,2236,576,298,357,1.0,1,1.0
104,1,2239,571,299,358,1.0,1,1.0
105,1,2241,569,301,357,1.0,1,1.0
106,1,2242,565,303,360,1.0,1,1.0
107,1,2243,561,305,360,1.0,1,1.0
108,1,2245,557,305,362,1.0,1,1.0
109,1,2246,552,306,364,1.0,1,1.0
110,1,2247,547,308,365,1.0,1,1.0
111,1,2248,542,310,366,1.0,1,1.0
112,1,2250,537,311,366,1.0,1,1.0
113,1,2251,532,314,369,1.0,1,1.0
114,1,2252,527,318,371,1.0,1,1.0
115,1,2256,524,318,371,1.0,1,1.0
116,1,2258,519,319,373,1.0,1,1.0
117,1,2262,515,319,372,1.0,1,1.0
118,1,2265,510,320,373,1.0,1,1.0
119,1,2267,506,321,375,1.0,1,1.0
120,1,2267,501,325,377,1.0,1,1.0
121,1,2270,496,322,381,1.0,1,1.0
122,1,2271,491,322,381,1.0,1,1.0
123,1,2271,486,324,382,1.0,1,1.0
124,1,2272,480,325,382,1.0,1,1.0
125,1,2268,476,327,379,1.0,1,1.0
126,1,2269,471,328,381,1.0,1,1.0
127,1,2271,467,330,383,1.0,1,1.0
128,1,2273,463,331,386,1.0,1,1.0
129,1,2273,460,333,388,1.0,1,1.0
130,1,2274,457,335,389,1.0,1,1.0
131,1,2275,454,336,389,1.0,1,1.0
132,1,2277,447,336,391,1.0,1,1.0
133,1,2279,444,335,390,1.0,1,1.0
134,1,2287,447,326,388,1.0,1,1.0
135,1,2289,444,327,388,1.0,1,1.0
136,1,2289,441,330,387,1.0,1,1.0
137,1,2289,438,332,387,1.0,1,1.0
138,1,2290,434,333,388,1.0,1,1.0
139,1,2291,429,335,391,1.0,1,1.0
140,1,2293,425,335,393,1.0,1,1.0
141,1,2295,422,336,394,1.0,1,1.0
142,1,2295,419,338,396,1.0,1,1.0
143,1,2296,417,339,396,1.0,1,1.0
144,1,2297,415,340,397,1.0,1,1.0
145,1,2297,412,341,399,1.0,1,1.0
146,1,2297,409,342,401,1.0,1,1.0
147,1,2297,406,343,402,1.0,1,1.0
148,1,2298,404,344,404,1.0,1,1.0
149,1,2300,401,344,405,1.0,1,1.0
150,1,2301,398,344,407,1.0,1,1.0
151,1,2302,397,344,408,1.0,1,1.0
152,1,2302,395,345,409,1.0,1,1.0
153,1,2304,392,345,411,1.0,1,1.0
154,1,2306,388,344,412,1.0,1,1.0
155,1,2307,386,346,414,1.0,1,1.0
156,1,2309,384,345,415,1.0,1,1.0
157,1,2311,383,345,415,1.0,1,1.0
158,1,2312,381,345,414,1.0,1,1.0
159,1,2312,379,346,414,1.0,1,1.0
160,1,2312,377,349,413,1.0,1,1.0
161,1,2313,376,349,413,1.0,1,1.0
162,1,2314,374,350,413,1.0,1,1.0
163,1,2315,373,349,414,1.0,1,1.0
164,1,2316,371,350,414,1.0,1,1.0
165,1,2316,369,351,416,1.0,1,1.0
166,1,2317,367,352,417,1.0,1,1.0
167,1,2317,364,353,419,1.0,1,1.0
168,1,2318,363,353,419,1.0,1,1.0
169,1,2320,360,353,420,1.0,1,1.0
170,1,2321,358,354,422,1.0,1,1.0
171,1,2323,356,353,421,1.0,1,1.0
172,1,2323,355,356,422,1.0,1,1.0
173,1,2324,352,356,422,1.0,1,1.0
174,1,2325,350,356,423,1.0,1,1.0
175,1,2325,348,357,423,1.0,1,1.0
176,1,2327,346,356,424,1.0,1,1.0
177,1,2328,345,356,424,1.0,1,1.0
178,1,2330,345,355,422,1.0,1,1.0
179,1,2330,344,356,423,1.0,1,1.0
180,1,2331,344,356,423,1.0,1,1.0
181,1,2332,342,356,424,1.0,1,1.0
182,1,2332,340,358,426,1.0,1,1.0
183,1,2333,339,358,426,1.0,1,1.0
184,1,2333,338,359,427,1.0,1,1.0
185,1,2333,338,360,427,1.0,1,1.0
186,1,2334,337,360,428,1.0,1,1.0
187,1,2334,335,360,431,1.0,1,1.0
188,1,2334,335,362,428,1.0,1,1.0
189,1,2334,333,363,429,1.0,1,1.0
190,1,2335,330,363,432,1.0,1,1.0
191,1,2335,329,364,434,1.0,1,1.0
192,1,2336,328,364,435,1.0,1,1.0
193,1,2336,328,365,434,1.0,1,1.0
194,1,2336,327,366,435,1.0,1,1.0
195,1,2337,327,365,434,1.0,1,1.0
196,1,2337,325,366,435,1.0,1,1.0
197,1,2338,323,365,437,1.0,1,1.0
198,1,2338,322,365,438,1.0,1,1.0
199,1,2339,322,366,438,1.0,1,1.0
200,1,2340,321,366,439,1.0,1,1.0
201,1,2340,321,366,439,1.0,1,1.0
202,1,2340,320,366,439,1.0,1,1.0
203,1,2340,318,366,440,1.0,1,1.0
204,1,2340,317,366,441,1.0,1,1.0
205,1,2341,316,366,441,1.0,1,1.0
206,1,2341,317,367,441,1.0,1,1.0
207,1,2341,318,367,441,1.0,1,1.0
208,1,2341,317,367,441,1.0,1,1.0
209,1,2341,317,367,441,1.0,1,1.0
210,1,2341,316,367,441,1.0,1,1.0
