1,-1,1,1,164,193,1.0,1,1.0
2,-1,1,1,164,195,1.0,2,1.0
3,-1,1,1,166,195,1.0,1,1.0
4,-1,1,1,168,194,1.0,2,1.0
5,-1,1,1,170,196,1.0,1,1.0
6,-1,1,1,169,199,1.0,2,1.0
7,-1,1,1,171,199,1.0,1,1.0
8,-1,1,1,172,201,1.0,2,1.0
9,-1,1,1,173,202,1.0,2,1.0
10,-1,1,1,172,203,1.0,1,1.0
11,-1,1,1,174,203,1.0,1,1.0
12,-1,1,1,174,202,1.0,2,1.0
13,-1,1,1,172,201,1.0,2,1.0
14,-1,1,1,169,202,1.0,2,1.0
15,-1,1,1,166,202,1.0,1,1.0
16,-1,1,1,172,204,1.0,2,1.0
17,-1,1,1,164,202,1.0,1,1.0
18,-1,1,1,174,202,1.0,1,1.0
19,-1,1,1,177,205,1.0,2,1.0
20,-1,1,1,179,205,1.0,1,1.0
21,-1,1,1,181,207,1.0,2,1.0
22,-1,1,1,180,208,1.0,2,1.0
23,-1,1,1,179,210,1.0,2,1.0
24,-1,1,1,179,212,1.0,1,1.0
25,-1,1,1,181,211,1.0,2,1.0
26,-1,1,1,182,212,1.0,2,1.0
27,-1,1,1,182,213,1.0,2,1.0
28,-1,1,1,183,215,1.0,2,1.0
29,-1,1,1,184,216,1.0,1,1.0
30,-1,1,1,184,216,1.0,1,1.0
31,-1,1,1,187,217,1.0,2,1.0
32,-1,1,1,187,219,1.0,1,1.0
33,-1,1,1,188,220,1.0,2,1.0
34,-1,1,1,189,222,1.0,2,1.0
35,-1,1,1,190,224,1.0,2,1.0
36,-1,1,1,191,224,1.0,1,1.0
37,-1,1,1,192,224,1.0,2,1.0
38,-1,1,1,195,224,1.0,1,1.0
39,-1,1,1,195,225,1.0,1,1.0
40,-1,1,1,196,225,1.0,1,1.0
41,-1,1,1,197,227,1.0,2,1.0
42,-1,1,1,199,230,1.0,2,1.0
43,-1,1,1,200,231,1.0,1,1.0
44,-1,1,1,201,231,1.0,2,1.0
45,-1,1,1,202,234,1.0,2,1.0
46,-1,1,1,199,234,1.0,1,1.0
47,-1,1,1,199,236,1.0,1,1.0
48,-1,1,1,199,236,1.0,2,1.0
49,-1,1,1,200,237,1.0,2,1.0
50,-1,1,1,203,240,1.0,2,1.0
51,-1,1,1,205,242,1.0,2,1.0
52,-1,1,1,208,243,1.0,2,1.0
53,-1,1,1,209,242,1.0,2,1.0
54,-1,1,1,211,241,1.0,2,1.0
55,-1,1,1,210,244,1.0,2,1.0
56,-1,1,1,211,247,1.0,2,1.0
57,-1,1,1,211,248,1.0,2,1.0
58,-1,1,1,211,249,1.0,2,1.0
59,-1,1,1,212,248,1.0,2,1.0
60,-1,1,1,213,248,1.0,2,1.0
61,-1,1,1,215,250,1.0,2,1.0
62,-1,1,1,215,253,1.0,2,1.0
63,-1,1,1,218,256,1.0,2,1.0
64,-1,1,1,218,258,1.0,2,1.0
65,-1,1,1,219,256,1.0,1,1.0
66,-1,1,1,220,257,1.0,2,1.0
67,-1,1,1,222,258,1.0,2,1.0
68,-1,1,1,226,258,1.0,2,1.0
69,-1,1,1,227,257,1.0,1,1.0
70,-1,1,1,227,257,1.0,1,1.0
71,-1,1,1,227,259,1.0,2,1.0
72,-1,1,1,228,261,1.0,2,1.0
73,-1,1,1,228,263,1.0,2,1.0
74,-1,1,1,228,264,1.0,2,1.0
75,-1,1,1,228,266,1.0,2,1.0
76,-1,1,1,230,267,1.0,2,1.0
77,-1,1,1,231,269,1.0,2,1.0
78,-1,1,1,233,270,1.0,1,1.0
79,-1,1,1,235,272,1.0,2,1.0
80,-1,1,1,238,275,1.0,2,1.0
81,-1,1,1,246,279,1.0,1,1.0
82,-1,1,1,246,281,1.0,1,1.0
83,-1,1,1,245,283,1.0,2,1.0
84,-1,1,1,246,286,1.0,2,1.0
85,-1,1,1,245,288,1.0,2,1.0
86,-1,1,1,247,292,1.0,2,1.0
87,-1,1,1,245,291,1.0,2,1.0
88,-1,1,1,245,290,1.0,2,1.0
89,-1,1,1,245,291,1.0,2,1.0
90,-1,1,1,242,289,1.0,1,1.0
91,-1,1,1,243,287,1.0,2,1.0
92,-1,1,1,243,288,1.0,2,1.0
93,-1,1,1,247,293,1.0,2,1.0
94,-1,1,1,250,296,1.0,2,1.0
95,-1,1,1,252,299,1.0,2,1.0
96,-1,1,1,252,296,1.0,1,1.0
97,-1,1,1,253,297,1.0,2,1.0
98,-1,1,1,253,299,1.0,2,1.0
99,-1,1,1,257,298,1.0,1,1.0
100,-1,1,1,259,300,1.0,2,1.0
101,-1,1,1,259,303,1.0,2,1.0
102,-1,1,1,261,309,1.0,2,1.0
103,-1,1,1,262,313,1.0,2,1.0
104,-1,1,1,262,317,1.0,2,1.0
105,-1,1,1,263,318,1.0,2,1.0
106,-1,1,1,267,318,1.0,2,1.0
107,-1,1,1,265,318,1.0,1,1.0
108,-1,1,1,266,318,1.0,1,1.0
109,-1,1,1,267,317,1.0,2,1.0
110,-1,1,1,270,317,1.0,2,1.0
111,-1,1,1,272,318,1.0,2,1.0
112,-1,1,1,271,322,1.0,2,1.0
113,-1,1,1,273,324,1.0,2,1.0
114,-1,1,1,275,326,1.0,2,1.0
115,-1,1,1,277,327,1.0,2,1.0
116,-1,1,1,279,329,1.0,2,1.0
117,-1,1,1,282,333,1.0,2,1.0
118,-1,1,1,287,330,1.0,1,1.0
119,-1,1,1,290,330,1.0,1,1.0
120,-1,1,1,295,332,1.0,2,1.0
121,-1,1,1,298,333,1.0,1,1.0
122,-1,1,1,301,336,1.0,2,1.0
123,-1,1,1,306,337,1.0,2,1.0
124,-1,1,1,307,340,1.0,1,1.0
125,-1,1,1,306,343,1.0,2,1.0
126,-1,1,1,302,345,1.0,1,1.0
127,-1,1,1,301,350,1.0,2,1.0
128,-1,1,1,300,354,1.0,2,1.0
129,-1,1,1,302,358,1.0,2,1.0
130,-1,1,1,305,357,1.0,2,1.0
131,-1,1,1,313,356,1.0,1,1.0
132,-1,1,1,316,354,1.0,2,1.0
133,-1,1,1,316,358,1.0,2,1.0
134,-1,1,1,318,362,1.0,2,1.0
135,-1,1,1,320,364,1.0,1,1.0
136,-1,1,1,320,365,1.0,2,1.0
137,-1,1,1,321,368,1.0,2,1.0
138,-1,1,1,323,370,1.0,1,1.0
139,-1,1,1,323,369,1.0,2,1.0
140,-1,1,1,324,374,1.0,2,1.0
141,-1,1,1,326,376,1.0,2,1.0
142,-1,1,1,325,381,1.0,2,1.0
143,-1,1,1,328,383,1.0,1,1.0
144,-1,1,1,331,387,1.0,2,1.0
145,-1,1,1,331,387,1.0,1,1.0
146,-1,1,1,335,386,1.0,2,1.0
147,-1,1,1,337,387,1.0,2,1.0
148,-1,1,1,338,386,1.0,1,1.0
149,-1,1,1,340,390,1.0,2,1.0
150,-1,1,1,342,393,1.0,2,1.0
151,-1,1,1,345,396,1.0,2,1.0
152,-1,1,1,349,400,1.0,2,1.0
153,-1,1,1,351,405,1.0,2,1.0
154,-1,1,1,349,408,1.0,1,1.0
155,-1,1,1,352,407,1.0,2,1.0
156,-1,1,1,355,407,1.0,1,1.0
157,-1,1,1,361,409,1.0,2,1.0
158,-1,1,1,363,407,1.0,2,1.0
159,-1,1,1,367,409,1.0,1,1.0
160,-1,1,1,367,421,1.0,2,1.0
161,-1,1,1,366,421,1.0,2,1.0
162,-1,1,1,367,420,1.0,2,1.0
163,-1,1,1,368,422,1.0,2,1.0
164,-1,1,1,373,422,1.0,2,1.0
165,-1,1,1,375,425,1.0,2,1.0
166,-1,1,1,373,428,1.0,2,1.0
167,-1,1,1,375,429,1.0,2,1.0
168,-1,1,1,374,434,1.0,2,1.0
169,-1,1,1,377,434,1.0,1,1.0
170,-1,1,1,379,436,1.0,2,1.0
171,-1,1,1,381,438,1.0,2,1.0
172,-1,1,1,382,439,1.0,2,1.0
173,-1,1,1,383,441,1.0,1,1.0
174,-1,1,1,385,444,1.0,2,1.0
175,-1,1,1,386,444,1.0,2,1.0
176,-1,1,1,388,448,1.0,2,1.0
177,-1,1,1,388,450,1.0,2,1.0
178,-1,1,1,391,450,1.0,2,1.0
179,-1,1,1,390,450,1.0,1,1.0
180,-1,1,1,391,453,1.0,2,1.0
181,-1,1,1,392,453,1.0,2,1.0
182,-1,1,1,393,454,1.0,2,1.0
183,-1,1,1,394,456,1.0,1,1.0
184,-1,1,1,394,458,1.0,2,1.0
185,-1,1,1,394,460,1.0,1,1.0
186,-1,1,1,395,460,1.0,2,1.0
187,-1,1,1,395,464,1.0,2,1.0
188,-1,1,1,395,466,1.0,1,1.0
189,-1,1,1,396,466,1.0,2,1.0
190,-1,1,1,398,466,1.0,2,1.0
191,-1,1,1,400,466,1.0,1,1.0
192,-1,1,1,401,465,1.0,2,1.0
193,-1,1,1,403,468,1.0,2,1.0
194,-1,1,1,406,469,1.0,2,1.0
195,-1,1,1,406,470,1.0,1,1.0
196,-1,1,1,407,469,1.0,1,1.0
197,-1,1,1,409,468,1.0,2,1.0
198,-1,1,1,414,467,1.0,1,1.0
199,-1,1,1,416,466,1.0,1,1.0
200,-1,1,1,418,465,1.0,2,1.0
201,-1,1,1,419,465,1.0,1,1.0
202,-1,1,1,418,465,1.0,2,1.0
203,-1,1,1,419,465,1.0,1,1.0
204,-1,1,1,419,465,1.0,1,1.0
205,-1,1,1,419,468,1.0,2,1.0
206,-1,1,1,419,468,1.0,1,1.0
207,-1,1,1,419,469,1.0,2,1.0
208,-1,1,1,419,469,1.0,2,1.0
209,-1,1,1,421,470,1.0,2,1.0
210,-1,1,1,420,469,1.0,2,1.0
