1,1,96,56,41,38,1.0,1,1.0
2,1,95,55,41,39,1.0,1,1.0
3,1,95,57,43,39,1.0,1,1.0
4,1,95,57,43,39,1.0,1,1.0
5,1,95,57,44,38,1.0,1,1.0
6,1,96,57,45,40,1.0,1,1.0
7,1,97,56,46,40,1.0,1,1.0
8,1,96,57,46,40,1.0,1,1.0
9,1,95,56,47,43,1.0,1,1.0
10,1,93,56,48,43,1.0,1,1.0
11,1,95,60,49,40,1.0,1,1.0
12,1,94,59,50,42,1.0,1,1.0
13,1,96,58,50,43,1.0,1,1.0
14,1,98,61,52,42,1.0,1,1.0
15,1,98,61,53,43,1.0,1,1.0
16,1,96,61,54,45,1.0,1,1.0
17,1,95,62,55,45,1.0,1,1.0
18,1,96,62,57,47,1.0,1,1.0
18,2,108,25,8,15,1.0,1,1.0
19,1,95,63,58,46,1.0,1,1.0
19,2,108,25,9,15,1.0,1,1.0
20,1,98,62,52,47,1.0,1,1.0
21,1,95,63,59,48,1.0,1,1.0
22,1,94,63,59,49,1.0,1,1.0
22,3,110,24,9,16,1.0,1,1.0
23,1,94,67,56,45,1.0,1,1.0
24,1,93,67,62,47,1.0,1,1.0
25,1,94,70,55,46,1.0,1,1.0
26,1,95,68,56,47,1.0,1,1.0
27,1,97,66,58,49,1.0,1,1.0
28,1,94,65,57,52,1.0,1,1.0
29,1,92,70,59,49,1.0,1,1.0
29,4,114,28,10,15,1.0,1,1.0
30,1,94,71,63,49,1.0,1,1.0
30,5,118,28,10,16,1.0,1,1.0
31,1,94,75,61,48,1.0,1,1.0
31,5,120,31,9,14,1.0,1,1.0
32,1,97,74,61,50,1.0,1,1.0
32,6,124,32,8,14,1.0,1,1.0
33,1,96,73,62,52,1.0,1,1.0
33,6,124,32,9,15,1.0,1,1.0
34,1,92,74,63,50,1.0,1,1.0
35,1,92,76,64,50,1.0,1,1.0
35,7,122,31,10,16,1.0,1,1.0
36,1,94,76,64,52,1.0,1,1.0
37,1,91,74,65,56,1.0,1,1.0
37,8,123,35,9,14,1.0,1,1.0
38,1,91,78,67,53,1.0,1,1.0
39,1,89,76,67,54,1.0,1,1.0
40,1,88,76,68,55,1.0,1,1.0
41,1,90,79,68,55,1.0,1,1.0
42,1,88,82,70,55,1.0,1,1.0
43,1,88,81,71,56,1.0,1,1.0
44,1,85,78,72,57,1.0,1,1.0
45,1,85,83,73,57,1.0,1,1.0
46,1,82,83,75,57,1.0,1,1.0
47,1,83,85,76,58,1.0,1,1.0
48,1,83,87,77,58,1.0,1,1.0
49,1,81,88,78,60,1.0,1,1.0
50,1,81,91,78,61,1.0,1,1.0
51,1,83,93,79,61,1.0,1,1.0
52,1,85,91,81,62,1.0,1,1.0
53,1,83,90,83,62,1.0,1,1.0
54,1,83,91,85,63,1.0,1,1.0
54,9,57,109,36,27,1.0,1,1.0
55,1,84,93,84,64,1.0,1,1.0
55,9,55,111,39,28,1.0,1,1.0
55,10,102,38,24,19,1.0,1,1.0
56,1,84,93,87,65,1.0,1,1.0
57,1,82,93,88,67,1.0,1,1.0
58,1,82,95,89,67,1.0,1,1.0
59,1,77,98,91,67,1.0,1,1.0
60,1,78,99,90,67,1.0,1,1.0
61,1,76,100,91,68,1.0,1,1.0
61,11,104,46,26,19,1.0,1,1.0
62,1,76,103,94,68,1.0,1,1.0
63,1,77,102,93,69,1.0,1,1.0
64,1,74,102,95,71,1.0,1,1.0
65,1,71,106,97,72,1.0,1,1.0
65,12,39,125,46,31,1.0,1,1.0
66,1,71,108,98,72,1.0,1,1.0
66,12,38,126,47,33,1.0,1,1.0
67,1,72,110,98,72,1.0,1,1.0
67,12,39,128,46,36,1.0,1,1.0
68,1,73,108,101,76,1.0,1,1.0
68,12,40,128,49,36,1.0,1,1.0
68,13,115,55,26,19,1.0,1,1.0
69,1,71,110,103,76,1.0,1,1.0
69,12,37,129,50,37,1.0,1,1.0
69,13,115,55,27,19,1.0,1,1.0
69,14,156,61,11,14,1.0,1,1.0
70,1,68,112,105,77,1.0,1,1.0
70,12,33,131,51,37,1.0,1,1.0
70,13,114,55,27,20,1.0,1,1.0
71,1,66,112,106,78,1.0,1,1.0
71,12,30,133,52,36,1.0,1,1.0
71,13,114,57,25,19,1.0,1,1.0
72,1,67,117,107,76,1.0,1,1.0
72,12,28,136,55,35,1.0,1,1.0
73,1,67,115,109,79,1.0,1,1.0
73,12,27,136,56,31,1.0,1,1.0
73,15,119,60,24,17,1.0,1,1.0
74,1,69,117,108,78,1.0,1,1.0
74,12,26,137,59,29,1.0,1,1.0
74,15,122,61,24,18,1.0,1,1.0
75,1,67,118,112,81,1.0,1,1.0
76,1,69,116,111,83,1.0,1,1.0
77,1,67,118,113,83,1.0,1,1.0
77,16,17,137,67,35,1.0,1,1.0
78,1,66,122,116,85,1.0,1,1.0
78,16,18,142,67,36,1.0,1,1.0
79,1,69,123,117,85,1.0,1,1.0
80,1,62,117,122,85,1.0,1,1.0
80,17,20,136,63,41,1.0,1,1.0
81,1,61,119,123,87,1.0,1,1.0
82,1,59,118,125,88,1.0,1,1.0
83,1,55,120,127,89,1.0,1,1.0
83,18,18,138,60,42,1.0,1,1.0
84,1,52,123,130,90,1.0,1,1.0
84,18,18,141,59,45,1.0,1,1.0
84,19,119,140,25,21,1.0,1,1.0
85,1,51,125,132,91,1.0,1,1.0
85,18,18,141,60,49,1.0,1,1.0
85,19,124,142,26,22,1.0,1,1.0
86,1,47,124,134,93,1.0,1,1.0
86,18,18,143,57,48,1.0,1,1.0
87,1,45,124,135,93,1.0,1,1.0
87,18,15,144,57,48,1.0,1,1.0
88,1,42,127,137,94,1.0,1,1.0
88,18,16,147,56,48,1.0,1,1.0
89,1,37,129,142,95,1.0,1,1.0
89,18,15,149,55,50,1.0,1,1.0
89,20,1,293,38,65,1.0,1,1.0
89,21,117,148,29,22,1.0,1,1.0
90,1,32,132,146,96,1.0,1,1.0
90,18,13,152,54,51,1.0,1,1.0
90,20,1,301,40,64,1.0,1,1.0
91,1,28,133,150,98,1.0,1,1.0
91,18,12,154,53,52,1.0,1,1.0
91,20,1,308,44,63,1.0,1,1.0
91,22,114,153,28,23,1.0,1,1.0
92,1,23,134,154,100,1.0,1,1.0
92,18,12,155,51,52,1.0,1,1.0
92,20,1,314,47,63,1.0,1,1.0
92,23,139,74,44,19,1.0,1,1.0
93,1,16,133,163,101,1.0,1,1.0
93,18,14,155,49,52,1.0,1,1.0
93,24,185,20,21,11,1.0,1,1.0
94,1,13,132,165,100,1.0,1,1.0
94,24,186,19,22,10,1.0,1,1.0
94,25,142,72,44,19,1.0,1,1.0
95,1,11,135,167,103,1.0,1,1.0
95,24,186,21,23,11,1.0,1,1.0
95,25,143,75,44,19,1.0,1,1.0
96,1,11,138,168,103,1.0,1,1.0
96,25,144,77,44,19,1.0,1,1.0
97,1,14,139,163,103,1.0,1,1.0
98,1,17,140,164,105,1.0,1,1.0
98,26,193,22,23,12,1.0,1,1.0
99,1,17,142,162,106,1.0,1,1.0
100,1,15,143,167,109,1.0,1,1.0
100,27,105,165,33,23,1.0,1,1.0
100,28,195,25,23,11,1.0,1,1.0
100,29,152,81,35,20,1.0,1,1.0
101,1,15,147,165,109,1.0,1,1.0
101,28,194,27,23,12,1.0,1,1.0
101,29,152,85,39,18,1.0,1,1.0
101,30,1,42,17,8,1.0,1,1.0
102,1,15,148,163,112,1.0,1,1.0
102,28,195,28,24,11,1.0,1,1.0
103,1,13,148,163,112,1.0,1,1.0
103,31,152,86,41,18,1.0,1,1.0
104,1,12,148,163,113,1.0,1,1.0
105,1,17,146,161,115,1.0,1,1.0
105,32,158,84,33,19,1.0,1,1.0
105,33,101,170,33,23,1.0,1,1.0
105,34,201,24,23,11,1.0,1,1.0
106,1,17,144,159,117,1.0,1,1.0
106,32,160,82,32,19,1.0,1,1.0
106,33,97,168,33,25,1.0,1,1.0
106,34,202,21,23,12,1.0,1,1.0
107,1,16,142,160,119,1.0,1,1.0
107,32,160,80,41,19,1.0,1,1.0
107,34,201,19,24,11,1.0,1,1.0
107,35,159,80,26,16,1.0,1,1.0
108,1,14,144,159,120,1.0,1,1.0
108,32,158,81,44,20,1.0,1,1.0
108,34,200,19,24,12,1.0,1,1.0
108,35,158,82,28,16,1.0,1,1.0
108,36,93,169,32,25,1.0,1,1.0
109,1,14,145,158,121,1.0,1,1.0
109,34,201,19,24,12,1.0,1,1.0
109,36,96,171,32,26,1.0,1,1.0
110,1,13,147,158,123,1.0,1,1.0
110,34,201,22,24,12,1.0,1,1.0
110,36,85,173,38,24,1.0,1,1.0
110,37,160,86,32,19,1.0,1,1.0
111,1,12,148,157,124,1.0,1,1.0
111,34,200,22,24,12,1.0,1,1.0
111,36,82,175,35,25,1.0,1,1.0
111,37,159,86,44,20,1.0,1,1.0
111,38,159,86,24,14,1.0,1,1.0
112,1,11,148,156,127,1.0,1,1.0
112,34,200,23,24,12,1.0,1,1.0
112,36,83,177,35,27,1.0,1,1.0
113,1,13,150,155,128,1.0,1,1.0
113,34,203,22,24,12,1.0,1,1.0
113,36,79,178,39,23,1.0,1,1.0
114,1,14,150,154,129,1.0,1,1.0
114,34,204,21,25,12,1.0,1,1.0
114,36,79,177,38,24,1.0,1,1.0
114,39,164,87,42,19,1.0,1,1.0
115,1,12,153,153,131,1.0,1,1.0
115,34,203,24,24,12,1.0,1,1.0
115,36,76,181,38,24,1.0,1,1.0
115,39,163,90,34,18,1.0,1,1.0
116,1,10,154,152,134,1.0,1,1.0
116,34,202,26,23,12,1.0,1,1.0
117,1,10,156,150,134,1.0,1,1.0
117,34,202,26,24,12,1.0,1,1.0
117,40,162,93,41,20,1.0,1,1.0
118,1,10,155,148,136,1.0,1,1.0
118,34,201,25,26,12,1.0,1,1.0
118,40,162,93,42,19,1.0,1,1.0
119,1,10,156,146,139,1.0,1,1.0
119,34,202,26,25,12,1.0,1,1.0
119,40,163,94,45,20,1.0,1,1.0
120,1,10,157,146,140,1.0,1,1.0
120,34,202,25,25,13,1.0,1,1.0
120,40,163,94,45,19,1.0,1,1.0
